Compiling learn_self.cpp...
Running learn_self.exe...

Iteration: 0: eval_loss 0.00116683, pred_loss 0.00626951, negamax_iters 2, W/D/L 0/0/0
Eval table: 0, 100, 1000, 10000, 100000, 1000000000000, 0, -100, -1000, -10000, -100000, -1000000000000, 
Pred table: 0, 100, 1000, 10000, 100000, 1000000000000, 0, -100, -1000, -10000, -100000, -1000000000000, 

Iteration: 3000: eval_loss 3.47455, pred_loss 17.8809, negamax_iters 6891, W/D/L 5/84/4
Eval table: 1, 210, 1240, 10201, 100002, 1000000000000, 0, -74, -897, -9860, -99996, -1000000000000, 
Pred table: -1, 50, 362, 7146, 99918, 1000000000000, 1, -136, -847, -9928, -99998, -1000000000000, 

Iteration: 6000: eval_loss 3.22516, pred_loss 21.2865, negamax_iters 4793, W/D/L 3/86/4
Eval table: 0, 214, 2017, 11465, 100132, 1000000000000, 0, -70, -937, -5636, -99616, -1000000000000, 
Pred table: 0, 245, 2126, 9971, 99457, 1000000000000, -2, -527, -1384, -6554, -99899, -1000000000000, 

Iteration: 9000: eval_loss 3.1108, pred_loss 11.8051, negamax_iters 3786, W/D/L 3/86/3
Eval table: 0, 234, 1312, 12346, 100945, 1000000000000, 2, -74, -860, -3336, -93561, -1000000000000, 
Pred table: 1, 729, 2425, 14351, 74640, 1000000000000, -7, -207, 493, 1866, -97717, -1000000000000, 

Iteration: 12000: eval_loss 3.08265, pred_loss 9.42691, negamax_iters 2758, W/D/L 11/72/32
Eval table: 1, 216, 1070, 3536, 99857, 1000000000000, 5, -90, -741, -2294, -4272, -1000000000000, 
Pred table: 3, 633, 1614, 3664, 104978, 1000000000000, -8, 196, 1188, 3977, -102, -1000000000000, 

Iteration: 15000: eval_loss 3.08211, pred_loss 7.27305, negamax_iters 2606, W/D/L 39/51/49
Eval table: 1, 219, 947, 2524, 39069, 1000000000000, 7, -90, -680, -2131, -5047, -1000000000000, 
Pred table: 4, 585, 1238, 2742, 46720, 1000000000000, -7, 233, 948, 2219, 48288, -1000000000000, 

Iteration: 18000: eval_loss 3.06781, pred_loss 5.94052, negamax_iters 2577, W/D/L 27/57/47
Eval table: 1, 232, 896, 2735, 27787, 1000000000000, 13, -85, -561, -1686, -5452, -1000000000000, 
Pred table: 9, 442, 1101, 2563, 25880, 1000000000000, -6, 206, 819, 2498, 25203, -1000000000000, 

Iteration: 21000: eval_loss 3.06088, pred_loss 5.71551, negamax_iters 2606, W/D/L 31/50/46
Eval table: 1, 220, 881, 2346, 27050, 1000000000000, 18, -91, -510, -1590, -5109, -1000000000000, 
Pred table: 17, 422, 973, 2646, 25319, 1000000000000, -5, 211, 749, 2162, 29912, -1000000000000, 

Iteration: 24000: eval_loss 3.05175, pred_loss 5.48331, negamax_iters 2674, W/D/L 22/57/47
Eval table: 1, 193, 667, 2012, 24095, 1000000000000, 25, -106, -517, -1482, -5435, -1000000000000, 
Pred table: 25, 343, 933, 2854, 27968, 1000000000000, -6, 208, 725, 2294, 27143, -1000000000000, 

Iteration: 27000: eval_loss 3.05162, pred_loss 5.30542, negamax_iters 2644, W/D/L 30/45/59
Eval table: 2, 202, 714, 2116, 25397, 1000000000000, 40, -103, -429, -1190, -3657, -1000000000000, 
Pred table: 44, 320, 739, 2156, 27566, 1000000000000, -5, 210, 515, 1854, 29228, -1000000000000, 

Iteration: 30000: eval_loss 3.04789, pred_loss 5.06899, negamax_iters 2631, W/D/L 31/53/41
Eval table: 2, 177, 598, 1706, 20045, 1000000000000, 57, -118, -425, -1255, -3676, -1000000000000, 
Pred table: 64, 302, 819, 1887, 17433, 1000000000000, -5, 206, 558, 1747, 18815, -1000000000000, 

Iteration: 33000: eval_loss 3.05023, pred_loss 5.27058, negamax_iters 2603, W/D/L 31/54/35
Eval table: 3, 174, 536, 1623, 19034, 1000000000000, 70, -119, -402, -1160, -3650, -1000000000000, 
Pred table: 90, 266, 758, 2009, 22857, 1000000000000, -5, 161, 547, 1749, 21145, -1000000000000, 

Iteration: 36000: eval_loss 3.05045, pred_loss 5.065, negamax_iters 2623, W/D/L 35/48/59
Eval table: 3, 181, 572, 1586, 24428, 1000000000000, 94, -112, -353, -994, -3057, -1000000000000, 
Pred table: 78, 248, 614, 1255, 21784, 1000000000000, -5, 149, 487, 1446, 24729, -1000000000000, 

Iteration: 39000: eval_loss 3.04109, pred_loss 4.83922, negamax_iters 2626, W/D/L 28/59/43
Eval table: 4, 178, 532, 1400, 22675, 1000000000000, 118, -112, -349, -845, -2830, -1000000000000, 
Pred table: 97, 247, 461, 1622, 18377, 1000000000000, -4, 141, 376, 1210, 18337, -1000000000000, 

Iteration: 42000: eval_loss 3.04437, pred_loss 4.77899, negamax_iters 2618, W/D/L 28/53/47
Eval table: 4, 180, 508, 1428, 19432, 1000000000000, 136, -111, -341, -737, -2663, -1000000000000, 
Pred table: 108, 243, 383, 1512, 19588, 1000000000000, -5, 172, 383, 1107, 20172, -1000000000000, 

Iteration: 45000: eval_loss 3.04861, pred_loss 4.76078, negamax_iters 2601, W/D/L 42/47/48
Eval table: 4, 174, 482, 1339, 21720, 1000000000000, 151, -115, -322, -797, -2904, -1000000000000, 
Pred table: 89, 213, 425, 1236, 18693, 1000000000000, -5, 165, 367, 1191, 22636, -1000000000000, 

Iteration: 48000: eval_loss 3.04448, pred_loss 4.92443, negamax_iters 2619, W/D/L 38/46/57
Eval table: 5, 175, 480, 1466, 24384, 1000000000000, 159, -111, -322, -771, -2818, -1000000000000, 
Pred table: 90, 215, 412, 1584, 26434, 1000000000000, -6, 157, 343, 1319, 26206, -1000000000000, 

Iteration: 51000: eval_loss 3.04623, pred_loss 4.6626, negamax_iters 2589, W/D/L 26/54/45
Eval table: 5, 173, 464, 1410, 19676, 1000000000000, 169, -113, -309, -781, -2840, -1000000000000, 
Pred table: 114, 203, 425, 1354, 18458, 1000000000000, -7, 151, 350, 1315, 21718, -1000000000000, 

Iteration: 54000: eval_loss 3.04553, pred_loss 4.98634, negamax_iters 2608, W/D/L 35/46/49
Eval table: 6, 171, 460, 1410, 20846, 1000000000000, 175, -112, -307, -797, -2504, -1000000000000, 
Pred table: 135, 205, 421, 1427, 21459, 1000000000000, -8, 154, 334, 1277, 23406, -1000000000000, 

Iteration: 57000: eval_loss 3.04102, pred_loss 4.70738, negamax_iters 2611, W/D/L 29/51/45
Eval table: 7, 167, 431, 1302, 18333, 1000000000000, 195, -113, -309, -736, -2481, -1000000000000, 
Pred table: 162, 201, 412, 1328, 17734, 1000000000000, -8, 137, 315, 1190, 20887, -1000000000000, 

Iteration: 60000: eval_loss 3.04547, pred_loss 4.92822, negamax_iters 2609, W/D/L 28/54/44
Eval table: 7, 169, 415, 1300, 15408, 1000000000000, 204, -112, -298, -764, -2680, -1000000000000, 
Pred table: 101, 192, 413, 1306, 17923, 1000000000000, -9, 142, 311, 1176, 15813, -1000000000000, 

Iteration: 63000: eval_loss 3.04125, pred_loss 4.6924, negamax_iters 2612, W/D/L 29/50/47
Eval table: 7, 164, 437, 1365, 21430, 1000000000000, 195, -115, -306, -688, -2451, -1000000000000, 
Pred table: 112, 197, 417, 1182, 19267, 1000000000000, -10, 154, 326, 1112, 19371, -1000000000000, 

Iteration: 66000: eval_loss 3.04221, pred_loss 4.71033, negamax_iters 2619, W/D/L 36/53/45
Eval table: 7, 164, 430, 1260, 17622, 1000000000000, 193, -115, -307, -682, -2541, -1000000000000, 
Pred table: 121, 182, 359, 1334, 18233, 1000000000000, -11, 156, 318, 1215, 20564, -1000000000000, 

Iteration: 69000: eval_loss 3.04931, pred_loss 4.99247, negamax_iters 2619, W/D/L 35/43/62
Eval table: 7, 166, 434, 1292, 18053, 1000000000000, 192, -114, -314, -669, -2284, -1000000000000, 
Pred table: 113, 196, 338, 1365, 17342, 1000000000000, -13, 162, 338, 1107, 17542, -1000000000000, 

Iteration: 72000: eval_loss 3.05093, pred_loss 4.82878, negamax_iters 2597, W/D/L 38/45/48
Eval table: 6, 162, 414, 1270, 17992, 1000000000000, 202, -116, -312, -709, -2354, -1000000000000, 
Pred table: 107, 189, 354, 1365, 17103, 1000000000000, -14, 141, 338, 1199, 14560, -1000000000000, 

Iteration: 75000: eval_loss 3.04673, pred_loss 4.73318, negamax_iters 2618, W/D/L 34/47/54
Eval table: 7, 165, 444, 1199, 19671, 1000000000000, 218, -114, -302, -741, -2377, -1000000000000, 
Pred table: 94, 191, 375, 1140, 18462, 1000000000000, -14, 148, 342, 1029, 19565, -1000000000000, 

Iteration: 78000: eval_loss 3.04697, pred_loss 4.83559, negamax_iters 2607, W/D/L 32/43/61
Eval table: 6, 147, 414, 1083, 21649, 1000000000000, 203, -128, -331, -816, -2584, -1000000000000, 
Pred table: 103, 208, 455, 1255, 20782, 1000000000000, -18, 163, 381, 1120, 21648, -1000000000000, 

Iteration: 81000: eval_loss 3.04744, pred_loss 4.74077, negamax_iters 2577, W/D/L 37/48/43
Eval table: 7, 159, 441, 1333, 25196, 1000000000000, 232, -118, -295, -710, -2218, -1000000000000, 
Pred table: 93, 178, 436, 1156, 22943, 1000000000000, -19, 149, 369, 1088, 24489, -1000000000000, 

Iteration: 84000: eval_loss 3.04796, pred_loss 4.76976, negamax_iters 2594, W/D/L 30/48/57
Eval table: 7, 158, 411, 1266, 22217, 1000000000000, 227, -118, -305, -757, -2644, -1000000000000, 
Pred table: 111, 180, 439, 1455, 22275, 1000000000000, -22, 151, 356, 1239, 23765, -1000000000000, 

Iteration: 87000: eval_loss 3.0431, pred_loss 4.87612, negamax_iters 2601, W/D/L 26/54/47
Eval table: 7, 159, 435, 1234, 21588, 1000000000000, 221, -117, -295, -733, -2439, -1000000000000, 
Pred table: 112, 163, 431, 1236, 18013, 1000000000000, -23, 148, 340, 1046, 17929, -1000000000000, 

Iteration: 90000: eval_loss 3.04876, pred_loss 4.8774, negamax_iters 2563, W/D/L 19/47/63
Eval table: 8, 162, 413, 1245, 15402, 1000000000000, 221, -115, -301, -705, -2476, -1000000000000, 
Pred table: 145, 168, 403, 1258, 16786, 1000000000000, -24, 144, 349, 1008, 17029, -1000000000000, 

Iteration: 93000: eval_loss 3.04754, pred_loss 4.9129, negamax_iters 2588, W/D/L 29/48/54
Eval table: 8, 162, 412, 1313, 18261, 1000000000000, 232, -115, -301, -712, -2741, -1000000000000, 
Pred table: 114, 170, 359, 1393, 18913, 1000000000000, -26, 144, 331, 1214, 20172, -1000000000000, 

Iteration: 96000: eval_loss 3.04679, pred_loss 4.65247, negamax_iters 2584, W/D/L 32/44/58
Eval table: 8, 159, 429, 1325, 24717, 1000000000000, 255, -118, -292, -712, -2199, -1000000000000, 
Pred table: 163, 170, 367, 1449, 22834, 1000000000000, -28, 128, 343, 1215, 21638, -1000000000000, 

Iteration: 99000: eval_loss 3.04457, pred_loss 4.74145, negamax_iters 2603, W/D/L 30/54/48
Eval table: 9, 156, 399, 1328, 19589, 1000000000000, 259, -119, -302, -685, -2335, -1000000000000, 
Pred table: 144, 184, 352, 1192, 17232, 1000000000000, -31, 122, 312, 1064, 16851, -1000000000000, 

Iteration: 102000: eval_loss 3.04599, pred_loss 4.80356, negamax_iters 2608, W/D/L 37/47/49
Eval table: 8, 159, 418, 1265, 23739, 1000000000000, 248, -117, -299, -706, -2362, -1000000000000, 
Pred table: 178, 166, 379, 1275, 22259, 1000000000000, -34, 129, 324, 1150, 20949, -1000000000000, 

Iteration: 105000: eval_loss 3.04561, pred_loss 4.7446, negamax_iters 2576, W/D/L 31/41/55
Eval table: 8, 159, 405, 1209, 19370, 1000000000000, 239, -116, -306, -761, -2256, -1000000000000, 
Pred table: 134, 178, 370, 1140, 17815, 1000000000000, -38, 134, 338, 1022, 18464, -1000000000000, 

Iteration: 108000: eval_loss 3.05344, pred_loss 5.1367, negamax_iters 2597, W/D/L 40/43/53
Eval table: 9, 159, 402, 1301, 20461, 1000000000000, 241, -116, -309, -695, -2860, -1000000000000, 
Pred table: 110, 185, 304, 1314, 20520, 1000000000000, -43, 126, 330, 1177, 22316, -1000000000000, 

Iteration: 111000: eval_loss 3.05172, pred_loss 5.03257, negamax_iters 2633, W/D/L 40/39/69
Eval table: 9, 160, 404, 1351, 20856, 1000000000000, 240, -116, -312, -709, -2412, -1000000000000, 
Pred table: 100, 190, 342, 1377, 19709, 1000000000000, -47, 121, 303, 1187, 18582, -1000000000000, 

Iteration: 114000: eval_loss 3.04144, pred_loss 4.55592, negamax_iters 2604, W/D/L 31/57/40
Eval table: 10, 158, 426, 1281, 17827, 1000000000000, 235, -117, -302, -668, -2452, -1000000000000, 
Pred table: 120, 199, 343, 1048, 19837, 1000000000000, -51, 121, 303, 1051, 20033, -1000000000000, 

Iteration: 117000: eval_loss 3.04779, pred_loss 4.95114, negamax_iters 2617, W/D/L 29/46/62
Eval table: 9, 159, 416, 1286, 22760, 1000000000000, 238, -119, -296, -680, -2590, -1000000000000, 
Pred table: 124, 186, 350, 1380, 22641, 1000000000000, -56, 126, 311, 1142, 23636, -1000000000000, 

Iteration: 120000: eval_loss 3.04698, pred_loss 4.87195, negamax_iters 2618, W/D/L 39/46/55
Eval table: 9, 162, 417, 1410, 18820, 1000000000000, 223, -118, -286, -731, -2352, -1000000000000, 
Pred table: 143, 188, 366, 1341, 19531, 1000000000000, -63, 118, 307, 1273, 20210, -1000000000000, 

Iteration: 123000: eval_loss 3.04559, pred_loss 4.86695, negamax_iters 2611, W/D/L 36/46/47
Eval table: 9, 162, 414, 1312, 19732, 1000000000000, 224, -119, -291, -745, -2513, -1000000000000, 
Pred table: 110, 186, 387, 1281, 19747, 1000000000000, -66, 121, 338, 1130, 19147, -1000000000000, 

Iteration: 126000: eval_loss 3.04669, pred_loss 4.71829, negamax_iters 2584, W/D/L 43/47/45
Eval table: 8, 163, 414, 1366, 21125, 1000000000000, 213, -119, -295, -720, -2555, -1000000000000, 
Pred table: 120, 199, 349, 1392, 19297, 1000000000000, -72, 132, 340, 1216, 17590, -1000000000000, 

Iteration: 129000: eval_loss 3.05201, pred_loss 5.02841, negamax_iters 2609, W/D/L 49/43/53
Eval table: 9, 163, 416, 1339, 22189, 1000000000000, 217, -121, -288, -755, -2522, -1000000000000, 
Pred table: 118, 175, 347, 1411, 21609, 1000000000000, -74, 138, 311, 1247, 20701, -1000000000000, 

Iteration: 132000: eval_loss 3.03786, pred_loss 4.33841, negamax_iters 2604, W/D/L 30/54/49
Eval table: 8, 162, 411, 1287, 23564, 1000000000000, 221, -122, -292, -667, -2191, -1000000000000, 
Pred table: 115, 166, 376, 1208, 22558, 1000000000000, -79, 127, 318, 1091, 21598, -1000000000000, 

Iteration: 135000: eval_loss 3.0458, pred_loss 4.88855, negamax_iters 2575, W/D/L 26/52/54
Eval table: 8, 163, 432, 1175, 20762, 1000000000000, 225, -122, -290, -725, -2521, -1000000000000, 
Pred table: 148, 158, 355, 1032, 20779, 1000000000000, -79, 118, 350, 1114, 20210, -1000000000000, 

Iteration: 138000: eval_loss 3.05572, pred_loss 5.25969, negamax_iters 2604, W/D/L 41/45/48
Eval table: 8, 152, 393, 1130, 17054, 1000000000000, 211, -133, -322, -764, -2948, -1000000000000, 
Pred table: 167, 163, 408, 1267, 16915, 1000000000000, -94, 130, 393, 1186, 16824, -1000000000000, 

Iteration: 141000: eval_loss 3.04967, pred_loss 5.02599, negamax_iters 2601, W/D/L 44/40/58
Eval table: 8, 168, 423, 1255, 23182, 1000000000000, 236, -120, -303, -715, -2562, -1000000000000, 
Pred table: 135, 170, 377, 1172, 22999, 1000000000000, -88, 140, 332, 1025, 22924, -1000000000000, 

Iteration: 144000: eval_loss 3.04606, pred_loss 4.8744, negamax_iters 2600, W/D/L 33/50/53
Eval table: 8, 168, 430, 1257, 21206, 1000000000000, 237, -120, -311, -682, -2073, -1000000000000, 
Pred table: 104, 186, 352, 1269, 20088, 1000000000000, -93, 144, 301, 1128, 20993, -1000000000000, 

Iteration: 147000: eval_loss 3.04562, pred_loss 4.92388, negamax_iters 2602, W/D/L 35/50/44
Eval table: 8, 166, 438, 1232, 19832, 1000000000000, 224, -123, -307, -696, -2214, -1000000000000, 
Pred table: 141, 182, 328, 1178, 19874, 1000000000000, -99, 141, 306, 1030, 21644, -1000000000000, 

Iteration: 150000: eval_loss 3.04811, pred_loss 4.8415, negamax_iters 2614, W/D/L 42/38/63
Eval table: 9, 167, 432, 1274, 21132, 1000000000000, 212, -121, -309, -733, -2281, -1000000000000, 
Pred table: 89, 181, 341, 1152, 22819, 1000000000000, -105, 146, 306, 1084, 21097, -1000000000000, 

Iteration: 153000: eval_loss 3.05059, pred_loss 4.76651, negamax_iters 2573, W/D/L 31/45/56
Eval table: 8, 169, 438, 1199, 17774, 1000000000000, 225, -121, -305, -701, -2401, -1000000000000, 
Pred table: 116, 191, 335, 1222, 16947, 1000000000000, -109, 150, 309, 967, 19570, -1000000000000, 

Iteration: 156000: eval_loss 3.04441, pred_loss 4.77046, negamax_iters 2601, W/D/L 28/51/55
Eval table: 8, 169, 424, 1262, 20778, 1000000000000, 214, -122, -312, -767, -2452, -1000000000000, 
Pred table: 127, 171, 389, 1186, 19079, 1000000000000, -109, 147, 325, 1070, 19569, -1000000000000, 

Iteration: 159000: eval_loss 3.04995, pred_loss 5.23624, negamax_iters 2588, W/D/L 34/46/57
Eval table: 9, 168, 450, 1263, 17668, 1000000000000, 223, -122, -302, -798, -2382, -1000000000000, 
Pred table: 129, 167, 407, 1135, 19980, 1000000000000, -113, 138, 334, 1012, 21027, -1000000000000, 

Iteration: 162000: eval_loss 3.05127, pred_loss 5.06759, negamax_iters 2594, W/D/L 39/42/56
Eval table: 9, 165, 446, 1391, 20649, 1000000000000, 221, -124, -315, -764, -2712, -1000000000000, 
Pred table: 77, 178, 399, 1320, 18725, 1000000000000, -126, 149, 300, 1143, 19869, -1000000000000, 

Iteration: 165000: eval_loss 3.04559, pred_loss 4.88787, negamax_iters 2601, W/D/L 43/47/45
Eval table: 8, 173, 445, 1443, 22714, 1000000000000, 227, -119, -308, -802, -2512, -1000000000000, 
Pred table: 116, 176, 409, 1257, 19383, 1000000000000, -130, 150, 327, 1205, 19964, -1000000000000, 

Iteration: 168000: eval_loss 3.04453, pred_loss 4.91036, negamax_iters 2605, W/D/L 34/48/43
Eval table: 8, 176, 446, 1400, 19736, 1000000000000, 231, -119, -324, -774, -2455, -1000000000000, 
Pred table: 98, 177, 407, 1287, 20714, 1000000000000, -142, 165, 333, 1103, 21351, -1000000000000, 

Iteration: 171000: eval_loss 3.04659, pred_loss 4.89164, negamax_iters 2601, W/D/L 28/51/50
Eval table: 8, 164, 403, 1228, 19574, 1000000000000, 216, -133, -346, -878, -2885, -1000000000000, 
Pred table: 167, 175, 460, 1499, 20750, 1000000000000, -154, 163, 343, 1182, 20826, -1000000000000, 

Iteration: 174000: eval_loss 3.05395, pred_loss 5.56256, negamax_iters 2619, W/D/L 29/50/50
Eval table: 8, 161, 410, 1278, 20016, 1000000000000, 223, -136, -350, -845, -2620, -1000000000000, 
Pred table: 189, 201, 426, 1384, 22417, 1000000000000, -161, 155, 364, 1261, 23670, -1000000000000, 

Iteration: 177000: eval_loss 3.04664, pred_loss 4.8945, negamax_iters 2602, W/D/L 34/51/40
Eval table: 9, 172, 449, 1263, 14008, 1000000000000, 235, -127, -313, -767, -2256, -1000000000000, 
Pred table: 147, 180, 412, 1077, 14346, 1000000000000, -155, 137, 294, 963, 19052, -1000000000000, 

Iteration: 180000: eval_loss 3.04406, pred_loss 4.97941, negamax_iters 2600, W/D/L 32/50/45
Eval table: 9, 172, 431, 1366, 22029, 1000000000000, 230, -126, -317, -737, -2522, -1000000000000, 
Pred table: 106, 175, 386, 1258, 22089, 1000000000000, -166, 133, 312, 1097, 21578, -1000000000000, 

Iteration: 183000: eval_loss 3.04835, pred_loss 5.10345, negamax_iters 2625, W/D/L 35/51/45
Eval table: 9, 170, 457, 1296, 16014, 1000000000000, 223, -130, -304, -699, -2709, -1000000000000, 
Pred table: 170, 172, 384, 1202, 19996, 1000000000000, -167, 140, 317, 1052, 18312, -1000000000000, 

Iteration: 186000: eval_loss 3.04996, pred_loss 5.4078, negamax_iters 2610, W/D/L 31/52/47
Eval table: 9, 171, 436, 1245, 18371, 1000000000000, 219, -129, -318, -756, -2309, -1000000000000, 
Pred table: 123, 167, 370, 1061, 18303, 1000000000000, -170, 132, 306, 1089, 18270, -1000000000000, 

Iteration: 189000: eval_loss 3.04745, pred_loss 4.85012, negamax_iters 2569, W/D/L 25/52/54
Eval table: 9, 173, 438, 1295, 21523, 1000000000000, 224, -124, -325, -725, -2975, -1000000000000, 
Pred table: 110, 178, 341, 1291, 22221, 1000000000000, -178, 118, 285, 1204, 23757, -1000000000000, 

Iteration: 192000: eval_loss 3.04418, pred_loss 5.03956, negamax_iters 2622, W/D/L 29/49/53
Eval table: 9, 173, 469, 1299, 21742, 1000000000000, 220, -129, -320, -702, -2444, -1000000000000, 
Pred table: 171, 185, 344, 1288, 20616, 1000000000000, -183, 133, 289, 1135, 17793, -1000000000000, 

Iteration: 195000: eval_loss 3.04506, pred_loss 4.94612, negamax_iters 2615, W/D/L 37/50/43
Eval table: 9, 173, 452, 1293, 19177, 1000000000000, 216, -130, -329, -699, -2242, -1000000000000, 
Pred table: 96, 183, 323, 1080, 15703, 1000000000000, -175, 143, 276, 1011, 19666, -1000000000000, 

Iteration: 198000: eval_loss 3.0451, pred_loss 4.97222, negamax_iters 2620, W/D/L 28/50/50
Eval table: 9, 172, 439, 1222, 20486, 1000000000000, 224, -129, -329, -689, -2242, -1000000000000, 
Pred table: 111, 171, 318, 1210, 20432, 1000000000000, -176, 140, 260, 1026, 23127, -1000000000000, 

Iteration: 201000: eval_loss 3.04594, pred_loss 4.88969, negamax_iters 2613, W/D/L 33/47/52
Eval table: 10, 173, 448, 1198, 18606, 1000000000000, 220, -126, -322, -685, -2340, -1000000000000, 
Pred table: 120, 155, 322, 1278, 20019, 1000000000000, -180, 131, 279, 1061, 19207, -1000000000000, 

Iteration: 204000: eval_loss 3.04648, pred_loss 4.911, negamax_iters 2604, W/D/L 33/45/54
Eval table: 10, 171, 437, 1248, 18548, 1000000000000, 221, -129, -316, -707, -2426, -1000000000000, 
Pred table: 126, 169, 327, 1057, 16178, 1000000000000, -177, 142, 296, 1032, 19108, -1000000000000, 

Iteration: 207000: eval_loss 3.05171, pred_loss 5.27081, negamax_iters 2605, W/D/L 41/38/52
Eval table: 10, 172, 436, 1361, 22021, 1000000000000, 226, -130, -323, -671, -2470, -1000000000000, 
Pred table: 138, 160, 310, 1215, 19555, 1000000000000, -179, 146, 291, 1058, 19499, -1000000000000, 

Iteration: 210000: eval_loss 3.05344, pred_loss 5.39809, negamax_iters 2629, W/D/L 34/44/57
Eval table: 10, 172, 456, 1260, 18719, 1000000000000, 215, -132, -313, -727, -2670, -1000000000000, 
Pred table: 162, 145, 338, 1403, 16132, 1000000000000, -194, 145, 296, 1117, 19950, -1000000000000, 

Iteration: 213000: eval_loss 3.05092, pred_loss 5.37576, negamax_iters 2638, W/D/L 34/47/51
Eval table: 9, 173, 443, 1317, 22799, 1000000000000, 228, -132, -329, -735, -2526, -1000000000000, 
Pred table: 147, 158, 361, 1203, 18974, 1000000000000, -197, 150, 315, 1065, 19272, -1000000000000, 

Iteration: 216000: eval_loss 3.05205, pred_loss 5.40673, negamax_iters 2604, W/D/L 44/42/52
Eval table: 9, 158, 415, 1172, 19415, 1000000000000, 207, -146, -352, -838, -2721, -1000000000000, 
Pred table: 184, 176, 389, 1274, 22311, 1000000000000, -221, 158, 338, 1190, 22304, -1000000000000, 

Iteration: 219000: eval_loss 3.05662, pred_loss 5.72651, negamax_iters 2626, W/D/L 30/42/67
Eval table: 9, 160, 394, 1159, 22670, 1000000000000, 206, -143, -366, -838, -2844, -1000000000000, 
Pred table: 159, 172, 375, 1361, 19580, 1000000000000, -220, 156, 330, 1154, 21254, -1000000000000, 

Iteration: 222000: eval_loss 3.05085, pred_loss 5.22979, negamax_iters 2653, W/D/L 29/44/65
Eval table: 9, 161, 413, 1250, 26065, 1000000000000, 199, -143, -365, -835, -2505, -1000000000000, 
Pred table: 207, 183, 379, 1345, 21356, 1000000000000, -222, 155, 315, 1209, 22710, -1000000000000, 

Iteration: 225000: eval_loss 3.04227, pred_loss 5.16026, negamax_iters 2624, W/D/L 24/59/42
Eval table: 9, 163, 439, 1156, 23766, 1000000000000, 205, -143, -366, -811, -2600, -1000000000000, 
Pred table: 102, 196, 371, 1130, 19935, 1000000000000, -219, 145, 328, 1151, 21544, -1000000000000, 

Iteration: 228000: eval_loss 3.03765, pred_loss 4.64505, negamax_iters 2638, W/D/L 32/56/36
Eval table: 9, 159, 418, 1277, 20182, 1000000000000, 220, -147, -374, -832, -2615, -1000000000000, 
Pred table: 145, 193, 414, 1355, 19482, 1000000000000, -212, 126, 334, 1221, 21124, -1000000000000, 

Iteration: 231000: eval_loss 3.04957, pred_loss 5.1798, negamax_iters 2662, W/D/L 36/43/59
Eval table: 9, 162, 419, 1272, 18498, 1000000000000, 238, -145, -358, -813, -2987, -1000000000000, 
Pred table: 177, 175, 435, 1285, 17755, 1000000000000, -201, 122, 342, 1206, 16519, -1000000000000, 

Iteration: 234000: eval_loss 3.04903, pred_loss 5.36444, negamax_iters 2646, W/D/L 24/50/55
Eval table: 9, 158, 430, 1242, 15848, 1000000000000, 235, -149, -362, -799, -2680, -1000000000000, 
Pred table: 189, 186, 389, 1478, 19178, 1000000000000, -205, 146, 348, 1242, 18072, -1000000000000, 

Iteration: 237000: eval_loss 3.05168, pred_loss 5.40773, negamax_iters 2636, W/D/L 39/43/58
Eval table: 8, 164, 423, 1209, 19867, 1000000000000, 247, -148, -354, -859, -2545, -1000000000000, 
Pred table: 138, 178, 411, 1368, 20819, 1000000000000, -197, 156, 360, 1242, 22784, -1000000000000, 

Iteration: 240000: eval_loss 3.05341, pred_loss 5.48384, negamax_iters 2612, W/D/L 40/41/53
Eval table: 8, 160, 431, 1234, 19317, 1000000000000, 251, -151, -354, -850, -2841, -1000000000000, 
Pred table: 136, 182, 431, 1297, 21331, 1000000000000, -203, 151, 371, 1237, 21487, -1000000000000, 

Iteration: 243000: eval_loss 3.04905, pred_loss 5.43058, negamax_iters 2652, W/D/L 28/48/55
Eval table: 8, 163, 429, 1227, 20346, 1000000000000, 248, -151, -360, -835, -2884, -1000000000000, 
Pred table: 188, 185, 396, 1350, 19998, 1000000000000, -203, 156, 353, 1179, 21046, -1000000000000, 

Iteration: 246000: eval_loss 3.05594, pred_loss 5.34556, negamax_iters 2611, W/D/L 30/47/56
Eval table: 8, 163, 416, 1324, 18739, 1000000000000, 248, -153, -342, -896, -2884, -1000000000000, 
Pred table: 176, 167, 448, 1431, 19460, 1000000000000, -207, 154, 347, 1221, 20658, -1000000000000, 

Iteration: 249000: eval_loss 3.05024, pred_loss 5.43285, negamax_iters 2625, W/D/L 33/51/45
Eval table: 9, 160, 410, 1391, 20352, 1000000000000, 245, -156, -344, -854, -2934, -1000000000000, 
Pred table: 217, 166, 402, 1473, 21310, 1000000000000, -211, 136, 334, 1328, 20695, -1000000000000, 

Iteration: 252000: eval_loss 3.05468, pred_loss 5.48914, negamax_iters 2619, W/D/L 40/36/65
Eval table: 8, 166, 422, 1284, 22547, 1000000000000, 238, -156, -335, -898, -2853, -1000000000000, 
Pred table: 104, 163, 417, 1406, 22367, 1000000000000, -234, 154, 363, 1379, 23316, -1000000000000, 

Iteration: 255000: eval_loss 3.05125, pred_loss 4.83356, negamax_iters 2600, W/D/L 39/48/46
Eval table: 9, 176, 442, 1247, 21558, 1000000000000, 244, -146, -320, -783, -2715, -1000000000000, 
Pred table: 138, 135, 368, 1313, 18452, 1000000000000, -217, 145, 348, 1080, 19657, -1000000000000, 

Iteration: 258000: eval_loss 3.05909, pred_loss 5.87344, negamax_iters 2632, W/D/L 35/43/60
Eval table: 9, 162, 398, 1237, 16525, 1000000000000, 227, -157, -345, -781, -2969, -1000000000000, 
Pred table: 197, 138, 388, 1338, 18390, 1000000000000, -223, 152, 350, 1159, 22648, -1000000000000, 

Iteration: 261000: eval_loss 3.06055, pred_loss 5.8599, negamax_iters 2609, W/D/L 32/44/63
Eval table: 9, 170, 406, 1242, 18978, 1000000000000, 248, -151, -350, -792, -2572, -1000000000000, 
Pred table: 176, 157, 395, 1313, 16266, 1000000000000, -216, 156, 372, 1194, 18202, -1000000000000, 

Iteration: 264000: eval_loss 3.05242, pred_loss 5.48183, negamax_iters 2625, W/D/L 42/46/39
Eval table: 8, 166, 408, 1206, 17765, 1000000000000, 241, -157, -354, -775, -2907, -1000000000000, 
Pred table: 186, 161, 389, 1225, 22346, 1000000000000, -210, 154, 343, 1169, 22807, -1000000000000, 

Iteration: 267000: eval_loss 3.05552, pred_loss 5.62032, negamax_iters 2627, W/D/L 35/39/68
Eval table: 9, 170, 417, 1353, 20370, 1000000000000, 256, -153, -345, -815, -2879, -1000000000000, 
Pred table: 181, 136, 390, 1344, 20392, 1000000000000, -221, 153, 310, 1334, 21531, -1000000000000, 

Iteration: 270000: eval_loss 3.05944, pred_loss 5.82686, negamax_iters 2665, W/D/L 35/42/65
Eval table: 9, 172, 392, 1328, 20754, 1000000000000, 259, -152, -361, -873, -3206, -1000000000000, 
Pred table: 171, 143, 410, 1473, 19752, 1000000000000, -237, 159, 306, 1398, 20684, -1000000000000, 

Iteration: 273000: eval_loss 3.05932, pred_loss 5.62334, negamax_iters 2625, W/D/L 37/39/61
Eval table: 9, 169, 412, 1252, 21364, 1000000000000, 253, -155, -368, -871, -3165, -1000000000000, 
Pred table: 176, 170, 419, 1491, 21382, 1000000000000, -251, 162, 322, 1392, 24830, -1000000000000, 

Iteration: 276000: eval_loss 3.05864, pred_loss 5.88631, negamax_iters 2627, W/D/L 37/37/71
Eval table: 9, 168, 442, 1324, 21590, 1000000000000, 247, -157, -358, -885, -3172, -1000000000000, 
Pred table: 191, 163, 418, 1469, 23451, 1000000000000, -263, 159, 347, 1309, 23502, -1000000000000, 

Iteration: 279000: eval_loss 3.06331, pred_loss 6.33812, negamax_iters 2656, W/D/L 49/39/52
Eval table: 9, 170, 437, 1296, 19579, 1000000000000, 253, -160, -362, -871, -3268, -1000000000000, 
Pred table: 192, 163, 403, 1522, 20976, 1000000000000, -266, 167, 344, 1312, 22206, -1000000000000, 

Iteration: 282000: eval_loss 3.05314, pred_loss 5.55524, negamax_iters 2649, W/D/L 38/43/52
Eval table: 9, 173, 426, 1312, 21606, 1000000000000, 247, -155, -378, -842, -2830, -1000000000000, 
Pred table: 123, 177, 412, 1362, 23282, 1000000000000, -279, 194, 312, 1220, 21339, -1000000000000, 

Iteration: 285000: eval_loss 3.05497, pred_loss 5.66903, negamax_iters 2653, W/D/L 36/44/58
Eval table: 9, 168, 433, 1321, 17877, 1000000000000, 246, -161, -381, -816, -2760, -1000000000000, 
Pred table: 128, 186, 374, 1419, 17137, 1000000000000, -277, 200, 324, 1271, 17516, -1000000000000, 

Iteration: 288000: eval_loss 3.04978, pred_loss 5.25255, negamax_iters 2608, W/D/L 30/49/50
Eval table: 10, 169, 443, 1188, 18120, 1000000000000, 247, -161, -374, -803, -2868, -1000000000000, 
Pred table: 169, 190, 407, 1323, 18509, 1000000000000, -261, 183, 333, 1184, 17896, -1000000000000, 

Iteration: 291000: eval_loss 3.05428, pred_loss 5.74022, negamax_iters 2605, W/D/L 36/50/46
Eval table: 10, 173, 436, 1250, 19896, 1000000000000, 244, -157, -384, -827, -2826, -1000000000000, 
Pred table: 111, 187, 425, 1467, 21702, 1000000000000, -261, 190, 345, 1204, 22332, -1000000000000, 

Iteration: 294000: eval_loss 3.06113, pred_loss 5.97252, negamax_iters 2639, W/D/L 45/46/46
Eval table: 11, 171, 442, 1341, 21357, 1000000000000, 257, -160, -376, -846, -2726, -1000000000000, 
Pred table: 227, 174, 412, 1493, 18066, 1000000000000, -255, 196, 351, 1275, 19547, -1000000000000, 

Iteration: 297000: eval_loss 3.06666, pred_loss 6.25053, negamax_iters 2661, W/D/L 48/36/66
Eval table: 10, 170, 452, 1342, 21957, 1000000000000, 245, -161, -392, -840, -3154, -1000000000000, 
Pred table: 215, 183, 384, 1398, 21400, 1000000000000, -268, 219, 358, 1348, 25228, -1000000000000, 

Iteration: 300000: eval_loss 3.07316, pred_loss 6.38519, negamax_iters 2674, W/D/L 45/29/78
Eval table: 11, 174, 466, 1364, 21189, 1000000000000, 251, -158, -389, -957, -3314, -1000000000000, 
Pred table: 206, 151, 414, 1637, 20376, 1000000000000, -288, 203, 395, 1391, 25077, -1000000000000, 

Iteration: 303000: eval_loss 3.07073, pred_loss 6.39464, negamax_iters 2666, W/D/L 40/33/76
Eval table: 11, 176, 475, 1391, 23717, 1000000000000, 257, -157, -399, -1042, -3590, -1000000000000, 
Pred table: 187, 162, 439, 1499, 19872, 1000000000000, -296, 199, 427, 1358, 20569, -1000000000000, 

Iteration: 306000: eval_loss 3.06207, pred_loss 5.88059, negamax_iters 2670, W/D/L 43/38/60
Eval table: 10, 183, 480, 1538, 26173, 1000000000000, 266, -153, -396, -1067, -3612, -1000000000000, 
Pred table: 164, 181, 496, 1628, 22079, 1000000000000, -311, 206, 455, 1451, 26171, -1000000000000, 

Iteration: 309000: eval_loss 3.06163, pred_loss 5.93728, negamax_iters 2612, W/D/L 49/41/50
Eval table: 10, 175, 512, 1597, 19386, 1000000000000, 261, -159, -412, -1069, -3765, -1000000000000, 
Pred table: 124, 199, 492, 1753, 20250, 1000000000000, -334, 217, 458, 1510, 19230, -1000000000000, 

Iteration: 312000: eval_loss 3.06175, pred_loss 5.89116, negamax_iters 2600, W/D/L 38/38/65
Eval table: 10, 179, 529, 1652, 21752, 1000000000000, 272, -159, -414, -1060, -3620, -1000000000000, 
Pred table: 163, 214, 474, 1883, 21217, 1000000000000, -338, 184, 480, 1670, 20832, -1000000000000, 

Iteration: 315000: eval_loss 3.06301, pred_loss 5.82923, negamax_iters 2614, W/D/L 52/34/63
Eval table: 10, 182, 516, 1718, 22495, 1000000000000, 266, -157, -423, -1072, -3797, -1000000000000, 
Pred table: 148, 222, 455, 1829, 20997, 1000000000000, -335, 167, 460, 1656, 20885, -1000000000000, 

Iteration: 318000: eval_loss 3.05732, pred_loss 5.64195, negamax_iters 2620, W/D/L 52/39/56
Eval table: 10, 183, 518, 1532, 25914, 1000000000000, 262, -157, -434, -1133, -3336, -1000000000000, 
Pred table: 149, 243, 475, 1835, 22393, 1000000000000, -329, 151, 440, 1650, 23729, -1000000000000, 

Iteration: 321000: eval_loss 3.05448, pred_loss 5.69589, negamax_iters 2632, W/D/L 31/55/41
Eval table: 9, 178, 553, 1732, 23002, 1000000000000, 260, -162, -435, -1090, -3519, -1000000000000, 
Pred table: 208, 224, 492, 1823, 21790, 1000000000000, -341, 181, 450, 1504, 23998, -1000000000000, 

Iteration: 324000: eval_loss 3.05397, pred_loss 5.59455, negamax_iters 2605, W/D/L 29/46/56
Eval table: 10, 186, 530, 1752, 23143, 1000000000000, 257, -158, -438, -1091, -3497, -1000000000000, 
Pred table: 142, 218, 525, 1612, 22714, 1000000000000, -331, 175, 461, 1507, 22859, -1000000000000, 

Iteration: 327000: eval_loss 3.05285, pred_loss 5.49487, negamax_iters 2612, W/D/L 44/48/42
Eval table: 10, 188, 535, 1688, 26814, 1000000000000, 248, -156, -442, -1110, -3430, -1000000000000, 
Pred table: 91, 219, 558, 1730, 25338, 1000000000000, -333, 173, 458, 1579, 25739, -1000000000000, 

Iteration: 330000: eval_loss 3.05214, pred_loss 5.45897, negamax_iters 2611, W/D/L 40/47/46
Eval table: 10, 185, 505, 1452, 24225, 1000000000000, 257, -162, -439, -1084, -3746, -1000000000000, 
Pred table: 98, 221, 507, 1800, 18930, 1000000000000, -314, 174, 404, 1511, 24661, -1000000000000, 

Iteration: 333000: eval_loss 3.05175, pred_loss 5.51327, negamax_iters 2595, W/D/L 29/48/56
Eval table: 9, 185, 534, 1359, 24094, 1000000000000, 276, -160, -446, -1075, -3717, -1000000000000, 
Pred table: 86, 242, 467, 1629, 23765, 1000000000000, -309, 182, 416, 1424, 23018, -1000000000000, 

Iteration: 336000: eval_loss 3.05433, pred_loss 5.63943, negamax_iters 2578, W/D/L 29/49/49
Eval table: 9, 186, 552, 1563, 24997, 1000000000000, 271, -163, -432, -1061, -3612, -1000000000000, 
Pred table: 176, 236, 473, 1748, 24756, 1000000000000, -306, 165, 447, 1442, 22754, -1000000000000, 

Iteration: 339000: eval_loss 3.05669, pred_loss 5.76302, negamax_iters 2585, W/D/L 39/47/50
Eval table: 9, 186, 546, 1680, 21284, 1000000000000, 264, -161, -448, -1056, -3734, -1000000000000, 
Pred table: 117, 253, 469, 1781, 21280, 1000000000000, -319, 192, 423, 1480, 21367, -1000000000000, 

Iteration: 342000: eval_loss 3.05278, pred_loss 5.58131, negamax_iters 2627, W/D/L 41/45/51
Eval table: 9, 191, 537, 1577, 18673, 1000000000000, 274, -161, -451, -1156, -3592, -1000000000000, 
Pred table: 102, 235, 533, 1754, 19279, 1000000000000, -312, 188, 438, 1532, 23067, -1000000000000, 

Iteration: 345000: eval_loss 3.05286, pred_loss 5.63795, negamax_iters 2613, W/D/L 39/48/45
Eval table: 9, 189, 531, 1682, 23955, 1000000000000, 263, -163, -459, -1115, -3326, -1000000000000, 
Pred table: 84, 244, 535, 1653, 22349, 1000000000000, -320, 208, 442, 1545, 23000, -1000000000000, 

Iteration: 348000: eval_loss 3.0549, pred_loss 5.5404, negamax_iters 2606, W/D/L 37/46/56
Eval table: 10, 191, 526, 1726, 24488, 1000000000000, 279, -160, -453, -1071, -4017, -1000000000000, 
Pred table: 144, 229, 520, 1745, 25065, 1000000000000, -319, 196, 434, 1622, 25916, -1000000000000, 

Iteration: 351000: eval_loss 3.05491, pred_loss 5.56659, negamax_iters 2613, W/D/L 34/41/67
Eval table: 10, 190, 549, 1835, 28103, 1000000000000, 289, -160, -458, -1153, -3646, -1000000000000, 
Pred table: 135, 253, 512, 1867, 22903, 1000000000000, -328, 178, 478, 1698, 26475, -1000000000000, 

Iteration: 354000: eval_loss 3.05819, pred_loss 5.84337, negamax_iters 2615, W/D/L 39/41/66
Eval table: 9, 186, 563, 1609, 22970, 1000000000000, 262, -166, -454, -1180, -3797, -1000000000000, 
Pred table: 124, 239, 559, 1633, 24024, 1000000000000, -348, 207, 489, 1635, 29696, -1000000000000, 

Iteration: 357000: eval_loss 3.05558, pred_loss 5.79801, negamax_iters 2625, W/D/L 36/44/61
Eval table: 9, 189, 566, 1671, 23693, 1000000000000, 264, -167, -462, -1108, -3667, -1000000000000, 
Pred table: 109, 232, 552, 1590, 18909, 1000000000000, -343, 196, 494, 1623, 21652, -1000000000000, 

Iteration: 360000: eval_loss 3.0633, pred_loss 6.0818, negamax_iters 2572, W/D/L 40/43/55
Eval table: 9, 196, 552, 1719, 21638, 1000000000000, 266, -165, -479, -1076, -3830, -1000000000000, 
Pred table: 88, 238, 520, 1690, 21913, 1000000000000, -352, 211, 488, 1716, 20911, -1000000000000, 

Iteration: 363000: eval_loss 3.05592, pred_loss 5.55169, negamax_iters 2591, W/D/L 33/51/48
Eval table: 9, 202, 529, 1602, 22610, 1000000000000, 275, -162, -469, -1165, -3667, -1000000000000, 
Pred table: 163, 236, 548, 1823, 25623, 1000000000000, -336, 220, 456, 1723, 23194, -1000000000000, 

Iteration: 366000: eval_loss 3.05281, pred_loss 5.7374, negamax_iters 2613, W/D/L 31/48/54
Eval table: 9, 201, 540, 1479, 22271, 1000000000000, 283, -166, -478, -1129, -4069, -1000000000000, 
Pred table: 177, 256, 533, 2027, 22540, 1000000000000, -334, 211, 439, 1599, 22539, -1000000000000, 

Iteration: 369000: eval_loss 3.06184, pred_loss 6.16547, negamax_iters 2593, W/D/L 39/45/55
Eval table: 9, 203, 540, 1682, 20190, 1000000000000, 272, -164, -496, -1143, -3574, -1000000000000, 
Pred table: 147, 276, 476, 1953, 24784, 1000000000000, -326, 201, 442, 1447, 24176, -1000000000000, 

Iteration: 372000: eval_loss 3.05181, pred_loss 5.29447, negamax_iters 2628, W/D/L 29/47/57
Eval table: 10, 224, 586, 1681, 24112, 1000000000000, 298, -152, -426, -1010, -3127, -1000000000000, 
Pred table: 181, 221, 455, 1612, 20704, 1000000000000, -263, 155, 376, 1397, 18485, -1000000000000, 

Iteration: 375000: eval_loss 3.05822, pred_loss 5.80647, negamax_iters 2598, W/D/L 31/48/55
Eval table: 10, 220, 581, 1663, 24957, 1000000000000, 288, -157, -416, -1008, -3811, -1000000000000, 
Pred table: 128, 240, 470, 1672, 25951, 1000000000000, -277, 175, 393, 1363, 25405, -1000000000000, 

Iteration: 378000: eval_loss 3.05322, pred_loss 5.82113, negamax_iters 2602, W/D/L 29/53/54
Eval table: 10, 223, 558, 1663, 31107, 1000000000000, 302, -158, -395, -1025, -3351, -1000000000000, 
Pred table: 183, 209, 447, 1647, 25134, 1000000000000, -265, 174, 375, 1437, 26393, -1000000000000, 

Iteration: 381000: eval_loss 3.05474, pred_loss 5.96535, negamax_iters 2636, W/D/L 36/50/50
Eval table: 10, 218, 574, 1796, 24267, 1000000000000, 299, -164, -405, -926, -3047, -1000000000000, 
Pred table: 132, 224, 451, 1419, 22291, 1000000000000, -257, 166, 387, 1332, 24228, -1000000000000, 

Iteration: 384000: eval_loss 3.05641, pred_loss 5.7798, negamax_iters 2589, W/D/L 35/46/53
Eval table: 11, 220, 591, 1796, 23065, 1000000000000, 301, -164, -405, -902, -3563, -1000000000000, 
Pred table: 194, 224, 452, 1547, 22076, 1000000000000, -265, 176, 363, 1459, 24870, -1000000000000, 

Iteration: 387000: eval_loss 3.05586, pred_loss 5.89466, negamax_iters 2602, W/D/L 35/51/45
Eval table: 11, 227, 593, 1714, 21922, 1000000000000, 294, -160, -412, -910, -3479, -1000000000000, 
Pred table: 183, 212, 415, 1735, 23173, 1000000000000, -281, 163, 382, 1343, 26721, -1000000000000, 

Iteration: 390000: eval_loss 3.0581, pred_loss 5.75108, negamax_iters 2612, W/D/L 37/42/63
Eval table: 10, 221, 591, 1824, 25004, 1000000000000, 278, -166, -426, -1002, -3468, -1000000000000, 
Pred table: 123, 228, 439, 1885, 24147, 1000000000000, -301, 192, 383, 1545, 26067, -1000000000000, 

Iteration: 393000: eval_loss 3.0609, pred_loss 5.95387, negamax_iters 2599, W/D/L 37/44/59
Eval table: 9, 210, 542, 1766, 26058, 1000000000000, 270, -177, -466, -1104, -3581, -1000000000000, 
Pred table: 231, 271, 457, 1813, 24518, 1000000000000, -321, 221, 439, 1568, 23097, -1000000000000, 

Iteration: 396000: eval_loss 3.05694, pred_loss 6.02648, negamax_iters 2608, W/D/L 36/50/44
Eval table: 9, 204, 565, 1775, 19438, 1000000000000, 273, -182, -456, -1131, -3646, -1000000000000, 
Pred table: 149, 263, 519, 1861, 24815, 1000000000000, -318, 232, 414, 1627, 24511, -1000000000000, 

Iteration: 399000: eval_loss 3.0572, pred_loss 5.77689, negamax_iters 2606, W/D/L 32/48/48
Eval table: 9, 206, 554, 1640, 21685, 1000000000000, 268, -182, -469, -1072, -4029, -1000000000000, 
Pred table: 92, 243, 512, 1779, 21737, 1000000000000, -311, 216, 428, 1608, 27834, -1000000000000, 

Iteration: 402000: eval_loss 3.0541, pred_loss 5.87396, negamax_iters 2660, W/D/L 47/46/41
Eval table: 11, 229, 575, 1845, 25452, 1000000000000, 296, -162, -428, -1025, -3387, -1000000000000, 
Pred table: 93, 193, 463, 1529, 22063, 1000000000000, -278, 172, 391, 1545, 26621, -1000000000000, 

Iteration: 405000: eval_loss 3.06095, pred_loss 6.15845, negamax_iters 2622, W/D/L 47/39/55
Eval table: 11, 223, 630, 1846, 29356, 1000000000000, 293, -167, -416, -975, -3123, -1000000000000, 
Pred table: 142, 197, 470, 1535, 28373, 1000000000000, -291, 186, 402, 1429, 28707, -1000000000000, 

Iteration: 408000: eval_loss 3.05468, pred_loss 5.81124, negamax_iters 2616, W/D/L 32/49/50
Eval table: 11, 222, 593, 1852, 22770, 1000000000000, 275, -170, -430, -1006, -3200, -1000000000000, 
Pred table: 123, 217, 464, 1613, 20408, 1000000000000, -304, 197, 409, 1407, 19373, -1000000000000, 

Iteration: 411000: eval_loss 3.05721, pred_loss 5.99189, negamax_iters 2628, W/D/L 35/45/50
Eval table: 12, 231, 589, 1855, 23207, 1000000000000, 293, -165, -426, -1001, -3209, -1000000000000, 
Pred table: 83, 219, 461, 1442, 24933, 1000000000000, -296, 193, 365, 1368, 23765, -1000000000000, 

Iteration: 414000: eval_loss 3.05552, pred_loss 5.74836, negamax_iters 2641, W/D/L 28/48/58
Eval table: 11, 232, 626, 1750, 25578, 1000000000000, 293, -167, -428, -1024, -3207, -1000000000000, 
Pred table: 115, 213, 472, 1503, 28063, 1000000000000, -313, 170, 424, 1435, 27341, -1000000000000, 

Iteration: 417000: eval_loss 3.0622, pred_loss 6.21015, negamax_iters 2590, W/D/L 40/39/64
Eval table: 12, 232, 603, 1834, 26754, 1000000000000, 297, -165, -424, -1057, -3438, -1000000000000, 
Pred table: 137, 190, 454, 1675, 30645, 1000000000000, -315, 180, 380, 1497, 29473, -1000000000000, 

Iteration: 420000: eval_loss 3.05695, pred_loss 6.02224, negamax_iters 2589, W/D/L 31/50/52
Eval table: 12, 226, 599, 1931, 20450, 1000000000000, 300, -169, -430, -1099, -3728, -1000000000000, 
Pred table: 141, 214, 503, 1685, 23050, 1000000000000, -329, 185, 386, 1509, 24011, -1000000000000, 

Iteration: 423000: eval_loss 3.05659, pred_loss 6.26032, negamax_iters 2642, W/D/L 40/43/51
Eval table: 13, 232, 616, 1969, 25489, 1000000000000, 323, -166, -419, -1092, -4146, -1000000000000, 
Pred table: 214, 209, 513, 1783, 24834, 1000000000000, -312, 182, 375, 1536, 27942, -1000000000000, 

Iteration: 426000: eval_loss 3.05635, pred_loss 5.79058, negamax_iters 2641, W/D/L 35/49/52
Eval table: 12, 226, 645, 1911, 29798, 1000000000000, 314, -174, -420, -1125, -3830, -1000000000000, 
Pred table: 198, 217, 547, 1864, 28702, 1000000000000, -337, 199, 399, 1689, 25771, -1000000000000, 

Iteration: 429000: eval_loss 3.06404, pred_loss 6.22289, negamax_iters 2624, W/D/L 41/37/61
Eval table: 13, 227, 627, 2111, 27484, 1000000000000, 311, -172, -431, -1113, -3702, -1000000000000, 
Pred table: 187, 197, 527, 1810, 23520, 1000000000000, -337, 170, 433, 1705, 23352, -1000000000000, 

Iteration: 432000: eval_loss 3.05978, pred_loss 6.19818, negamax_iters 2580, W/D/L 33/47/46
Eval table: 14, 230, 613, 1786, 23384, 1000000000000, 318, -170, -449, -1115, -3963, -1000000000000, 
Pred table: 196, 208, 541, 1782, 23361, 1000000000000, -326, 169, 423, 1434, 26203, -1000000000000, 

Iteration: 435000: eval_loss 3.06336, pred_loss 6.54662, negamax_iters 2610, W/D/L 36/39/62
Eval table: 14, 231, 633, 1829, 26745, 1000000000000, 331, -169, -449, -1096, -4077, -1000000000000, 
Pred table: 220, 222, 475, 1516, 28936, 1000000000000, -332, 172, 416, 1461, 29438, -1000000000000, 

Iteration: 438000: eval_loss 3.0613, pred_loss 6.54203, negamax_iters 2654, W/D/L 28/48/59
Eval table: 14, 230, 670, 1830, 22622, 1000000000000, 330, -173, -448, -1109, -3786, -1000000000000, 
Pred table: 219, 246, 451, 1666, 23883, 1000000000000, -349, 167, 414, 1521, 22722, -1000000000000, 

Iteration: 441000: eval_loss 3.06183, pred_loss 6.21247, negamax_iters 2625, W/D/L 48/43/48
Eval table: 13, 232, 671, 1976, 21117, 1000000000000, 330, -176, -473, -1083, -3297, -1000000000000, 
Pred table: 69, 278, 469, 1584, 22033, 1000000000000, -360, 200, 437, 1468, 26164, -1000000000000, 

Iteration: 444000: eval_loss 3.05883, pred_loss 6.03554, negamax_iters 2606, W/D/L 41/51/37
Eval table: 14, 241, 650, 1876, 24374, 1000000000000, 331, -170, -460, -1014, -3494, -1000000000000, 
Pred table: 101, 244, 452, 1519, 20989, 1000000000000, -347, 179, 407, 1363, 25685, -1000000000000, 

Iteration: 447000: eval_loss 3.06387, pred_loss 6.09295, negamax_iters 2564, W/D/L 30/46/66
Eval table: 13, 233, 674, 1892, 22523, 1000000000000, 328, -178, -445, -1055, -3953, -1000000000000, 
Pred table: 156, 230, 472, 1766, 21632, 1000000000000, -366, 186, 438, 1551, 24201, -1000000000000, 

Iteration: 450000: eval_loss 3.06, pred_loss 6.0151, negamax_iters 2595, W/D/L 35/45/60
Eval table: 12, 237, 690, 2078, 26510, 1000000000000, 342, -181, -456, -1137, -3770, -1000000000000, 
Pred table: 144, 223, 539, 1848, 24748, 1000000000000, -401, 207, 479, 1623, 24999, -1000000000000, 

Iteration: 453000: eval_loss 3.06056, pred_loss 6.33016, negamax_iters 2599, W/D/L 36/49/51
Eval table: 13, 244, 668, 1976, 23839, 1000000000000, 344, -179, -473, -1132, -3843, -1000000000000, 
Pred table: 204, 237, 542, 1568, 23150, 1000000000000, -389, 204, 496, 1457, 22143, -1000000000000, 

Iteration: 456000: eval_loss 3.06372, pred_loss 6.58081, negamax_iters 2612, W/D/L 36/40/57
Eval table: 12, 251, 662, 1908, 26105, 1000000000000, 340, -179, -480, -1233, -3894, -1000000000000, 
Pred table: 137, 247, 577, 1744, 22413, 1000000000000, -395, 212, 484, 1560, 21726, -1000000000000, 

Iteration: 459000: eval_loss 3.05879, pred_loss 6.13765, negamax_iters 2612, W/D/L 24/49/57
Eval table: 12, 259, 684, 2050, 23007, 1000000000000, 346, -176, -478, -1123, -3372, -1000000000000, 
Pred table: 93, 262, 537, 1849, 18412, 1000000000000, -375, 200, 498, 1511, 16584, -1000000000000, 

Iteration: 462000: eval_loss 3.06047, pred_loss 6.28001, negamax_iters 2632, W/D/L 41/38/63
Eval table: 13, 259, 695, 1787, 30589, 1000000000000, 331, -179, -477, -1183, -4111, -1000000000000, 
Pred table: 133, 231, 493, 1991, 23609, 1000000000000, -374, 209, 461, 1701, 26251, -1000000000000, 

Iteration: 465000: eval_loss 3.06122, pred_loss 6.19165, negamax_iters 2592, W/D/L 37/43/58
Eval table: 12, 250, 665, 1911, 25222, 1000000000000, 312, -187, -497, -1186, -4052, -1000000000000, 
Pred table: 155, 246, 515, 2099, 26378, 1000000000000, -388, 216, 485, 1716, 28062, -1000000000000, 

Iteration: 468000: eval_loss 3.06877, pred_loss 6.71203, negamax_iters 2604, W/D/L 49/38/56
Eval table: 13, 256, 707, 2005, 25359, 1000000000000, 318, -184, -472, -1160, -4026, -1000000000000, 
Pred table: 211, 216, 498, 1855, 22095, 1000000000000, -374, 214, 454, 1593, 21297, -1000000000000, 

Iteration: 471000: eval_loss 3.06243, pred_loss 6.27559, negamax_iters 2599, W/D/L 43/36/61
Eval table: 13, 260, 688, 2167, 26848, 1000000000000, 310, -181, -488, -1284, -4230, -1000000000000, 
Pred table: 158, 210, 572, 1824, 28251, 1000000000000, -406, 217, 472, 1711, 28388, -1000000000000, 

Iteration: 474000: eval_loss 3.06121, pred_loss 6.22793, negamax_iters 2604, W/D/L 36/48/46
Eval table: 13, 260, 672, 2188, 27738, 1000000000000, 318, -186, -501, -1305, -4123, -1000000000000, 
Pred table: 171, 223, 627, 2158, 23370, 1000000000000, -406, 223, 466, 1705, 22497, -1000000000000, 

Iteration: 477000: eval_loss 3.06258, pred_loss 6.59963, negamax_iters 2612, W/D/L 29/46/68
Eval table: 13, 260, 696, 2195, 27051, 1000000000000, 314, -190, -491, -1221, -4489, -1000000000000, 
Pred table: 160, 231, 563, 1971, 27553, 1000000000000, -392, 227, 461, 1927, 30777, -1000000000000, 

Iteration: 480000: eval_loss 3.06062, pred_loss 6.33621, negamax_iters 2607, W/D/L 37/46/49
Eval table: 13, 264, 706, 2105, 26460, 1000000000000, 323, -189, -514, -1284, -3678, -1000000000000, 
Pred table: 233, 258, 606, 1884, 29724, 1000000000000, -392, 233, 461, 1888, 28809, -1000000000000, 

Iteration: 483000: eval_loss 3.06484, pred_loss 6.71261, negamax_iters 2622, W/D/L 35/51/43
Eval table: 14, 271, 696, 2081, 24885, 1000000000000, 337, -184, -501, -1290, -4093, -1000000000000, 
Pred table: 278, 242, 641, 1781, 23981, 1000000000000, -375, 192, 457, 1810, 23936, -1000000000000, 

Iteration: 486000: eval_loss 3.06243, pred_loss 6.33837, negamax_iters 2598, W/D/L 33/49/46
Eval table: 13, 265, 739, 2063, 24523, 1000000000000, 339, -190, -508, -1174, -4218, -1000000000000, 
Pred table: 250, 258, 612, 1759, 25291, 1000000000000, -392, 225, 492, 1684, 22918, -1000000000000, 

Iteration: 489000: eval_loss 3.05794, pred_loss 5.94439, negamax_iters 2580, W/D/L 25/49/54
Eval table: 13, 267, 681, 2231, 30185, 1000000000000, 329, -190, -513, -1213, -3470, -1000000000000, 
Pred table: 187, 241, 629, 2093, 26412, 1000000000000, -385, 192, 500, 1835, 25407, -1000000000000, 

Iteration: 492000: eval_loss 3.06169, pred_loss 6.37692, negamax_iters 2618, W/D/L 36/43/60
Eval table: 13, 271, 717, 1919, 22249, 1000000000000, 342, -191, -502, -1288, -4423, -1000000000000, 
Pred table: 233, 247, 592, 2129, 19275, 1000000000000, -371, 198, 474, 1784, 24570, -1000000000000, 

Iteration: 495000: eval_loss 3.06223, pred_loss 6.69239, negamax_iters 2615, W/D/L 42/41/65
Eval table: 12, 244, 656, 1819, 27255, 1000000000000, 309, -217, -546, -1310, -5200, -1000000000000, 
Pred table: 196, 295, 640, 2165, 29244, 1000000000000, -420, 244, 511, 1867, 30698, -1000000000000, 

Iteration: 498000: eval_loss 3.06298, pred_loss 6.44955, negamax_iters 2604, W/D/L 38/50/47
Eval table: 12, 243, 646, 1877, 25571, 1000000000000, 311, -216, -543, -1298, -4790, -1000000000000, 
Pred table: 225, 277, 608, 2309, 25371, 1000000000000, -393, 210, 494, 2014, 26468, -1000000000000, 

Iteration: 501000: eval_loss 3.0555, pred_loss 6.15831, negamax_iters 2605, W/D/L 28/45/59
Eval table: 12, 243, 667, 1988, 30760, 1000000000000, 315, -215, -548, -1383, -4418, -1000000000000, 
Pred table: 200, 261, 696, 2164, 26431, 1000000000000, -376, 197, 518, 1699, 27467, -1000000000000, 

Iteration: 504000: eval_loss 3.05527, pred_loss 5.93313, negamax_iters 2593, W/D/L 26/52/52
Eval table: 12, 243, 670, 1942, 26583, 1000000000000, 303, -220, -532, -1405, -4212, -1000000000000, 
Pred table: 223, 288, 691, 2294, 26922, 1000000000000, -391, 196, 571, 1826, 26260, -1000000000000, 

Iteration: 507000: eval_loss 3.06052, pred_loss 6.48721, negamax_iters 2626, W/D/L 33/49/50
Eval table: 13, 249, 677, 2096, 27091, 1000000000000, 302, -219, -528, -1314, -4400, -1000000000000, 
Pred table: 192, 278, 687, 2463, 22339, 1000000000000, -380, 185, 508, 1958, 24601, -1000000000000, 

Iteration: 510000: eval_loss 3.06192, pred_loss 6.50526, negamax_iters 2583, W/D/L 37/51/47
Eval table: 13, 244, 653, 2056, 30896, 1000000000000, 305, -221, -566, -1339, -4478, -1000000000000, 
Pred table: 147, 298, 658, 2420, 29035, 1000000000000, -385, 207, 570, 1991, 29678, -1000000000000, 

Iteration: 513000: eval_loss 3.05768, pred_loss 6.43627, negamax_iters 2640, W/D/L 34/53/38
Eval table: 14, 245, 711, 2055, 25398, 1000000000000, 327, -221, -553, -1308, -4434, -1000000000000, 
Pred table: 162, 285, 615, 2580, 23154, 1000000000000, -363, 215, 586, 1894, 23953, -1000000000000, 

Iteration: 516000: eval_loss 3.06098, pred_loss 6.35178, negamax_iters 2607, W/D/L 47/47/38
Eval table: 14, 247, 654, 2083, 29502, 1000000000000, 337, -223, -583, -1285, -4601, -1000000000000, 
Pred table: 177, 301, 617, 2515, 32231, 1000000000000, -382, 248, 604, 2054, 32494, -1000000000000, 

Iteration: 519000: eval_loss 3.06647, pred_loss 6.58978, negamax_iters 2597, W/D/L 36/44/57
Eval table: 15, 247, 645, 2096, 22493, 1000000000000, 351, -224, -593, -1285, -4033, -1000000000000, 
Pred table: 151, 306, 600, 2345, 23548, 1000000000000, -375, 241, 577, 2071, 26324, -1000000000000, 

Iteration: 522000: eval_loss 3.0637, pred_loss 6.41732, negamax_iters 2580, W/D/L 29/47/61
Eval table: 15, 252, 648, 2254, 28793, 1000000000000, 342, -223, -584, -1351, -4856, -1000000000000, 
Pred table: 198, 289, 622, 2270, 28427, 1000000000000, -370, 244, 534, 2047, 29772, -1000000000000, 

Iteration: 525000: eval_loss 3.06005, pred_loss 6.41899, negamax_iters 2609, W/D/L 41/47/48
Eval table: 15, 253, 693, 2023, 28919, 1000000000000, 349, -223, -602, -1391, -4678, -1000000000000, 
Pred table: 180, 316, 605, 2282, 27782, 1000000000000, -366, 277, 545, 2045, 28441, -1000000000000, 

Iteration: 528000: eval_loss 3.07067, pred_loss 6.94788, negamax_iters 2627, W/D/L 36/45/63
Eval table: 15, 253, 676, 1977, 27055, 1000000000000, 352, -229, -601, -1380, -4734, -1000000000000, 
Pred table: 308, 325, 639, 2457, 26379, 1000000000000, -376, 275, 566, 1975, 24399, -1000000000000, 

Iteration: 531000: eval_loss 3.06656, pred_loss 6.8882, negamax_iters 2643, W/D/L 33/46/53
Eval table: 15, 255, 725, 2058, 25342, 1000000000000, 375, -235, -578, -1395, -4979, -1000000000000, 
Pred table: 207, 330, 638, 2263, 22956, 1000000000000, -384, 270, 529, 2181, 22606, -1000000000000, 

Iteration: 534000: eval_loss 3.06639, pred_loss 7.08268, negamax_iters 2659, W/D/L 42/46/47
Eval table: 16, 256, 700, 2244, 23430, 1000000000000, 367, -239, -589, -1355, -4903, -1000000000000, 
Pred table: 275, 312, 657, 2329, 25800, 1000000000000, -390, 271, 529, 2035, 26449, -1000000000000, 

Iteration: 537000: eval_loss 3.06757, pred_loss 7.01009, negamax_iters 2612, W/D/L 30/47/57
Eval table: 16, 266, 718, 2131, 26293, 1000000000000, 384, -233, -585, -1369, -4503, -1000000000000, 
Pred table: 223, 307, 628, 2378, 21691, 1000000000000, -382, 266, 516, 2111, 22877, -1000000000000, 

Iteration: 540000: eval_loss 3.06066, pred_loss 6.67907, negamax_iters 2658, W/D/L 25/48/57
Eval table: 16, 260, 747, 1937, 27612, 1000000000000, 358, -239, -579, -1516, -4482, -1000000000000, 
Pred table: 296, 304, 761, 2102, 25526, 1000000000000, -396, 274, 574, 2058, 25894, -1000000000000, 

Iteration: 543000: eval_loss 3.07358, pred_loss 7.42119, negamax_iters 2607, W/D/L 38/51/44
Eval table: 16, 258, 722, 2232, 22499, 1000000000000, 401, -241, -604, -1495, -4730, -1000000000000, 
Pred table: 340, 303, 760, 2019, 24111, 1000000000000, -386, 311, 675, 1940, 25028, -1000000000000, 

Iteration: 546000: eval_loss 3.06978, pred_loss 6.89918, negamax_iters 2620, W/D/L 35/40/67
Eval table: 16, 265, 693, 2241, 29629, 1000000000000, 389, -239, -605, -1472, -4907, -1000000000000, 
Pred table: 150, 314, 760, 2195, 30309, 1000000000000, -389, 293, 647, 2038, 29740, -1000000000000, 

Iteration: 549000: eval_loss 3.06839, pred_loss 6.57414, negamax_iters 2599, W/D/L 32/47/57
Eval table: 17, 292, 766, 2406, 27827, 1000000000000, 437, -220, -541, -1360, -4674, -1000000000000, 
Pred table: 311, 288, 606, 1977, 23145, 1000000000000, -346, 231, 583, 1964, 23447, -1000000000000, 

Iteration: 552000: eval_loss 3.07212, pred_loss 7.04153, negamax_iters 2636, W/D/L 34/45/57
Eval table: 18, 291, 772, 2450, 29311, 1000000000000, 451, -223, -556, -1282, -4255, -1000000000000, 
Pred table: 284, 263, 586, 2192, 26760, 1000000000000, -351, 228, 545, 1889, 31115, -1000000000000, 

Iteration: 555000: eval_loss 3.07372, pred_loss 7.48508, negamax_iters 2662, W/D/L 30/50/50
Eval table: 18, 297, 770, 2314, 26916, 1000000000000, 458, -223, -569, -1301, -4653, -1000000000000, 
Pred table: 294, 280, 607, 2459, 25049, 1000000000000, -355, 281, 520, 2065, 23346, -1000000000000, 

Iteration: 558000: eval_loss 3.07385, pred_loss 7.5328, negamax_iters 2646, W/D/L 32/42/66
Eval table: 18, 303, 779, 2442, 25077, 1000000000000, 461, -221, -575, -1402, -4548, -1000000000000, 
Pred table: 172, 281, 636, 2267, 27206, 1000000000000, -358, 286, 518, 1989, 27886, -1000000000000, 

Iteration: 561000: eval_loss 3.06682, pred_loss 6.75933, negamax_iters 2609, W/D/L 27/55/50
Eval table: 18, 304, 803, 2347, 28092, 1000000000000, 471, -222, -583, -1361, -4442, -1000000000000, 
Pred table: 283, 273, 601, 2241, 26463, 1000000000000, -361, 255, 501, 1987, 34557, -1000000000000, 

Iteration: 564000: eval_loss 3.06805, pred_loss 6.86763, negamax_iters 2597, W/D/L 29/48/51
Eval table: 17, 303, 839, 2525, 29237, 1000000000000, 441, -226, -586, -1280, -4123, -1000000000000, 
Pred table: 235, 305, 632, 2108, 23593, 1000000000000, -390, 254, 539, 1846, 26408, -1000000000000, 

Iteration: 567000: eval_loss 3.07038, pred_loss 6.91607, negamax_iters 2594, W/D/L 38/42/63
Eval table: 17, 310, 854, 2361, 28527, 1000000000000, 408, -225, -588, -1478, -5004, -1000000000000, 
Pred table: 193, 325, 660, 2308, 26771, 1000000000000, -426, 249, 545, 2085, 32068, -1000000000000, 

Iteration: 570000: eval_loss 3.07175, pred_loss 7.17346, negamax_iters 2612, W/D/L 32/44/55
Eval table: 17, 312, 884, 2610, 22757, 1000000000000, 416, -228, -598, -1483, -4914, -1000000000000, 
Pred table: 207, 320, 671, 2452, 21951, 1000000000000, -441, 274, 591, 1891, 22271, -1000000000000, 

Iteration: 573000: eval_loss 3.07453, pred_loss 7.32236, negamax_iters 2624, W/D/L 40/39/58
Eval table: 17, 310, 869, 2604, 31778, 1000000000000, 429, -230, -601, -1445, -5072, -1000000000000, 
Pred table: 211, 300, 575, 2499, 26407, 1000000000000, -442, 271, 575, 2176, 28458, -1000000000000, 

Iteration: 576000: eval_loss 3.07444, pred_loss 7.25512, negamax_iters 2603, W/D/L 53/40/51
Eval table: 17, 313, 881, 2723, 30244, 1000000000000, 433, -230, -605, -1488, -5445, -1000000000000, 
Pred table: 239, 330, 612, 2653, 29300, 1000000000000, -460, 297, 615, 2295, 29641, -1000000000000, 

Iteration: 579000: eval_loss 3.07644, pred_loss 7.1534, negamax_iters 2610, W/D/L 38/38/66
Eval table: 17, 314, 878, 2617, 27043, 1000000000000, 428, -230, -622, -1641, -5166, -1000000000000, 
Pred table: 159, 310, 670, 2348, 25893, 1000000000000, -483, 297, 633, 2074, 26991, -1000000000000, 

Iteration: 582000: eval_loss 3.07696, pred_loss 7.72359, negamax_iters 2610, W/D/L 42/41/53
Eval table: 16, 320, 881, 2773, 25430, 1000000000000, 445, -224, -638, -1623, -4944, -1000000000000, 
Pred table: 195, 354, 712, 2336, 26851, 1000000000000, -482, 296, 617, 1887, 26851, -1000000000000, 

Iteration: 585000: eval_loss 3.07404, pred_loss 7.27409, negamax_iters 2577, W/D/L 47/41/52
Eval table: 17, 309, 923, 2989, 30827, 1000000000000, 472, -232, -614, -1601, -5317, -1000000000000, 
Pred table: 273, 317, 737, 2351, 26447, 1000000000000, -482, 252, 603, 2215, 29365, -1000000000000, 

Iteration: 588000: eval_loss 3.0674, pred_loss 6.77208, negamax_iters 2613, W/D/L 33/45/51
Eval table: 16, 284, 857, 2651, 29805, 1000000000000, 423, -257, -700, -1648, -5685, -1000000000000, 
Pred table: 301, 362, 809, 2921, 32716, 1000000000000, -571, 284, 682, 2401, 32716, -1000000000000, 

Iteration: 591000: eval_loss 3.07095, pred_loss 7.02224, negamax_iters 2576, W/D/L 24/49/51
Eval table: 16, 289, 859, 2356, 25690, 1000000000000, 430, -255, -694, -1677, -5338, -1000000000000, 
Pred table: 156, 397, 800, 2713, 24022, 1000000000000, -525, 295, 660, 2431, 22635, -1000000000000, 

Iteration: 594000: eval_loss 3.06781, pred_loss 6.80816, negamax_iters 2606, W/D/L 33/45/59
Eval table: 16, 290, 861, 2560, 28481, 1000000000000, 393, -262, -693, -1704, -5472, -1000000000000, 
Pred table: 208, 389, 790, 2555, 31246, 1000000000000, -522, 291, 686, 2365, 30270, -1000000000000, 

Iteration: 597000: eval_loss 3.07047, pred_loss 7.13975, negamax_iters 2614, W/D/L 39/42/56
Eval table: 16, 297, 840, 2490, 31140, 1000000000000, 415, -257, -716, -1768, -5335, -1000000000000, 
Pred table: 203, 373, 809, 2745, 28178, 1000000000000, -498, 285, 730, 2322, 29711, -1000000000000, 

Iteration: 600000: eval_loss 3.07012, pred_loss 6.92726, negamax_iters 2572, W/D/L 31/48/50
Eval table: 16, 302, 871, 2530, 30916, 1000000000000, 436, -254, -691, -1834, -5383, -1000000000000, 
Pred table: 137, 356, 904, 2556, 23861, 1000000000000, -500, 315, 740, 2388, 27615, -1000000000000, 

Iteration: 603000: eval_loss 3.07538, pred_loss 7.48144, negamax_iters 2634, W/D/L 32/42/67
Eval table: 16, 300, 790, 2643, 35336, 1000000000000, 445, -261, -734, -1764, -5661, -1000000000000, 
Pred table: 146, 352, 803, 2446, 31834, 1000000000000, -492, 314, 698, 2379, 32377, -1000000000000, 

Iteration: 606000: eval_loss 3.06985, pred_loss 7.11905, negamax_iters 2585, W/D/L 27/52/49
Eval table: 17, 302, 862, 2766, 29769, 1000000000000, 444, -261, -721, -1688, -5717, -1000000000000, 
Pred table: 217, 358, 821, 2663, 32286, 1000000000000, -517, 304, 720, 2464, 31932, -1000000000000, 

Iteration: 609000: eval_loss 3.06934, pred_loss 7.20107, negamax_iters 2580, W/D/L 33/49/49
Eval table: 17, 308, 836, 2526, 24555, 1000000000000, 416, -263, -732, -1748, -5803, -1000000000000, 
Pred table: 215, 388, 809, 2922, 29639, 1000000000000, -507, 347, 719, 2481, 27215, -1000000000000, 

Iteration: 612000: eval_loss 3.07374, pred_loss 7.25637, negamax_iters 2621, W/D/L 30/47/57
Eval table: 18, 343, 921, 2960, 30407, 1000000000000, 440, -243, -674, -1555, -5050, -1000000000000, 
Pred table: 244, 388, 721, 2458, 28431, 1000000000000, -455, 303, 649, 2152, 26471, -1000000000000, 

Iteration: 615000: eval_loss 3.07965, pred_loss 7.49213, negamax_iters 2608, W/D/L 41/42/54
Eval table: 18, 342, 966, 2970, 32191, 1000000000000, 450, -241, -673, -1680, -5443, -1000000000000, 
Pred table: 259, 384, 718, 2725, 27881, 1000000000000, -461, 301, 678, 2453, 25272, -1000000000000, 

Iteration: 618000: eval_loss 3.07687, pred_loss 7.31585, negamax_iters 2585, W/D/L 40/46/44
Eval table: 18, 350, 977, 2873, 30308, 1000000000000, 452, -240, -684, -1633, -5596, -1000000000000, 
Pred table: 310, 381, 749, 2664, 29681, 1000000000000, -457, 294, 668, 2298, 28344, -1000000000000, 

Iteration: 621000: eval_loss 3.06866, pred_loss 6.7785, negamax_iters 2565, W/D/L 35/53/43
Eval table: 18, 350, 926, 2933, 33560, 1000000000000, 457, -247, -689, -1592, -5880, -1000000000000, 
Pred table: 234, 392, 721, 2391, 31809, 1000000000000, -427, 303, 610, 2370, 36834, -1000000000000, 

Iteration: 624000: eval_loss 3.07715, pred_loss 7.60254, negamax_iters 2598, W/D/L 38/49/51
Eval table: 18, 354, 926, 2702, 37550, 1000000000000, 495, -249, -709, -1633, -5402, -1000000000000, 
Pred table: 287, 417, 696, 2615, 35675, 1000000000000, -426, 293, 616, 2628, 38973, -1000000000000, 

Iteration: 627000: eval_loss 3.07827, pred_loss 7.46565, negamax_iters 2614, W/D/L 49/38/57
Eval table: 18, 361, 999, 2945, 35560, 1000000000000, 474, -257, -690, -1599, -5447, -1000000000000, 
Pred table: 244, 388, 726, 2342, 30521, 1000000000000, -413, 285, 607, 2358, 32832, -1000000000000, 

Iteration: 630000: eval_loss 3.07262, pred_loss 7.23073, negamax_iters 2605, W/D/L 29/51/52
Eval table: 19, 364, 997, 3093, 29405, 1000000000000, 465, -259, -704, -1708, -5288, -1000000000000, 
Pred table: 268, 429, 718, 2785, 29037, 1000000000000, -440, 313, 670, 2466, 24241, -1000000000000, 

Iteration: 633000: eval_loss 3.07241, pred_loss 7.12375, negamax_iters 2555, W/D/L 35/46/46
Eval table: 19, 342, 1027, 2929, 34088, 1000000000000, 503, -276, -703, -1706, -4928, -1000000000000, 
Pred table: 289, 401, 871, 2401, 33191, 1000000000000, -443, 347, 737, 2460, 34225, -1000000000000, 

Iteration: 636000: eval_loss 3.07315, pred_loss 7.40076, negamax_iters 2611, W/D/L 33/50/47
Eval table: 19, 359, 1022, 3046, 28592, 1000000000000, 513, -270, -720, -1692, -5316, -1000000000000, 
Pred table: 248, 380, 876, 2747, 28801, 1000000000000, -424, 300, 715, 2532, 29993, -1000000000000, 

Iteration: 639000: eval_loss 3.07917, pred_loss 8.00295, negamax_iters 2602, W/D/L 39/46/48
Eval table: 20, 357, 1059, 2780, 32052, 1000000000000, 521, -270, -703, -1652, -5856, -1000000000000, 
Pred table: 261, 354, 896, 2614, 29541, 1000000000000, -424, 257, 724, 2307, 34461, -1000000000000, 

Iteration: 642000: eval_loss 3.07085, pred_loss 7.3564, negamax_iters 2583, W/D/L 30/47/50
Eval table: 19, 355, 1070, 2919, 30199, 1000000000000, 482, -277, -735, -1741, -4852, -1000000000000, 
Pred table: 227, 383, 900, 2440, 30066, 1000000000000, -461, 263, 804, 2194, 28624, -1000000000000, 

Iteration: 645000: eval_loss 3.07403, pred_loss 7.33226, negamax_iters 2599, W/D/L 33/50/52
Eval table: 21, 369, 1056, 2860, 36177, 1000000000000, 496, -269, -715, -1735, -5642, -1000000000000, 
Pred table: 291, 403, 888, 2726, 31672, 1000000000000, -463, 279, 819, 2461, 31341, -1000000000000, 

Iteration: 648000: eval_loss 3.07749, pred_loss 7.44999, negamax_iters 2573, W/D/L 35/47/45
Eval table: 21, 372, 1050, 3048, 28339, 1000000000000, 481, -272, -720, -1767, -5353, -1000000000000, 
Pred table: 214, 353, 818, 2773, 32052, 1000000000000, -455, 293, 750, 2241, 29247, -1000000000000, 

Iteration: 651000: eval_loss 3.07561, pred_loss 7.58429, negamax_iters 2614, W/D/L 39/39/60
Eval table: 20, 382, 1064, 2984, 27926, 1000000000000, 497, -271, -735, -1782, -5544, -1000000000000, 
Pred table: 268, 405, 824, 2468, 27968, 1000000000000, -473, 325, 842, 2389, 31052, -1000000000000, 

Iteration: 654000: eval_loss 3.09243, pred_loss 8.07602, negamax_iters 2584, W/D/L 46/35/62
Eval table: 19, 390, 1076, 3076, 34743, 1000000000000, 513, -279, -733, -1760, -6232, -1000000000000, 
Pred table: 313, 436, 744, 2822, 29996, 1000000000000, -477, 361, 753, 2546, 32419, -1000000000000, 

Iteration: 657000: eval_loss 3.07975, pred_loss 7.47426, negamax_iters 2605, W/D/L 39/47/49
Eval table: 20, 392, 1043, 3331, 33188, 1000000000000, 519, -287, -735, -1735, -6245, -1000000000000, 
Pred table: 305, 411, 797, 2948, 28893, 1000000000000, -472, 336, 772, 2700, 31819, -1000000000000, 

Iteration: 660000: eval_loss 3.08297, pred_loss 8.22445, negamax_iters 2616, W/D/L 34/46/57
Eval table: 21, 388, 1042, 2975, 41637, 1000000000000, 532, -289, -716, -1958, -5685, -1000000000000, 
Pred table: 327, 369, 873, 2921, 35854, 1000000000000, -469, 287, 764, 2819, 36476, -1000000000000, 

Iteration: 663000: eval_loss 3.07656, pred_loss 7.64152, negamax_iters 2614, W/D/L 34/47/54
Eval table: 21, 378, 989, 3057, 35931, 1000000000000, 525, -299, -757, -1932, -5751, -1000000000000, 
Pred table: 302, 387, 963, 3037, 32547, 1000000000000, -470, 307, 815, 2747, 29578, -1000000000000, 

Iteration: 666000: eval_loss 3.07718, pred_loss 7.5552, negamax_iters 2593, W/D/L 40/45/50
Eval table: 22, 398, 1037, 3196, 36289, 1000000000000, 547, -288, -741, -1838, -5472, -1000000000000, 
Pred table: 355, 406, 820, 2935, 28673, 1000000000000, -450, 301, 765, 2475, 28315, -1000000000000, 

Iteration: 669000: eval_loss 3.07855, pred_loss 7.88418, negamax_iters 2622, W/D/L 34/49/51
Eval table: 22, 402, 1062, 3110, 30094, 1000000000000, 534, -289, -721, -1780, -5896, -1000000000000, 
Pred table: 261, 361, 796, 3045, 26919, 1000000000000, -451, 269, 761, 2761, 24547, -1000000000000, 

Iteration: 672000: eval_loss 3.08684, pred_loss 8.08818, negamax_iters 2633, W/D/L 47/40/49
Eval table: 21, 399, 1043, 3169, 32535, 1000000000000, 538, -298, -747, -1819, -6199, -1000000000000, 
Pred table: 330, 358, 852, 3116, 30841, 1000000000000, -475, 310, 812, 2755, 33537, -1000000000000, 

Iteration: 675000: eval_loss 3.0823, pred_loss 7.98897, negamax_iters 2603, W/D/L 40/38/63
Eval table: 23, 405, 1002, 3768, 42671, 1000000000000, 545, -300, -780, -1880, -5402, -1000000000000, 
Pred table: 393, 397, 841, 2994, 40929, 1000000000000, -487, 348, 731, 2920, 37402, -1000000000000, 

Terminate batch job (Y/N)? 
