Compiling learn_self.cpp...
Running learn_self.exe...

Iteration: 0: eval_loss 0.000555213, pred_loss 8.13048e-06, negamax_iters 0, W/D/L 0/0/0, EVAL_LR 0, PRED_LR 0, pos/neg evals 0/0
Eval table: 0, 100, 1000, 10000, 1000000, 1000000000000, 10000, -50, -500, -5000, -100000, -1000000000000, 10, 10, 10, 10, -10, -10, -10, -10, 10, 10, 10, 10, 10, 10, -10, -10, -10, -10, -10, -10, 
Pred table: 568, 5780, 16914, 57450, 100000000000, 1000000000000, -360, 1897, 9934, 33104, 10000000000, -1000000000000, 

Iteration: 5000: eval_loss 1.90959, pred_loss 0.572189, negamax_iters 216, W/D/L 96/0/177, EVAL_LR 0.1, PRED_LR 0, pos/neg evals 289/280
Eval table: 0, 100, 1000, 10000, 1000000, 1000000000000, 10000, -50, -500, -5000, -100000, -1000000000000, 10, 10, 10, 10, -10, -10, -10, -10, 10, 10, 10, 10, 10, 10, -10, -10, -10, -10, -10, -10, 
Pred table: 568, 5780, 16914, 57450, 100000000000, 1000000000000, -360, 1897, 9934, 33104, 10000000000, -1000000000000, 

Iteration: 10000: eval_loss 1.41181, pred_loss 1.44531, negamax_iters 217, W/D/L 92/0/187, EVAL_LR 0.1, PRED_LR 0, pos/neg evals 298/293
Eval table: -4, 97, 824, 9821, 1000007, 1000000000000, 10010, -51, -502, -4982, -99993, -1000000000000, 9, 9, 10, 10, -12, -10, -10, -9, 8, 10, 9, 10, 10, 10, -13, -9, -10, -9, -9, -10, 
Pred table: 568, 5780, 16914, 57450, 100000000000, 1000000000000, -360, 1897, 9934, 33104, 10000000000, -1000000000000, 

Iteration: 15000: eval_loss 1.31304, pred_loss 1.30958, negamax_iters 220, W/D/L 102/0/173, EVAL_LR 0.1, PRED_LR 0, pos/neg evals 286/279
Eval table: -4, 125, 789, 10607, 1100020, 1000000000000, 10302, -52, -536, -4918, -96984, -1000000000000, 6, 11, 11, 11, -15, -10, -8, -8, 6, 11, 11, 11, 11, 11, -16, -9, -9, -8, -8, -8, 
Pred table: 568, 5780, 16914, 57450, 100000000000, 1000000000000, -360, 1897, 9934, 33104, 10000000000, -1000000000000, 

Iteration: 20000: eval_loss 1.34903, pred_loss 1.69608, negamax_iters 217, W/D/L 85/0/184, EVAL_LR 0.1, PRED_LR 0, pos/neg evals 292/281
Eval table: -5, 162, 675, 7671, 892288, 1000000000000, 7701, -48, -584, -5490, -109362, -1000000000000, 6, 8, 8, 8, -16, -12, -12, -12, 4, 7, 8, 8, 8, 8, -20, -11, -12, -12, -12, -12, 
Pred table: 568, 5780, 16914, 57450, 100000000000, 1000000000000, -360, 1897, 9934, 33104, 10000000000, -1000000000000, 

Iteration: 25000: eval_loss 1.38512, pred_loss 1.62948, negamax_iters 220, W/D/L 96/0/167, EVAL_LR 0.1, PRED_LR 0, pos/neg evals 277/274
Eval table: -7, 179, 871, 7472, 892323, 1000000000000, 7230, -51, -580, -5043, -109271, -1000000000000, 3, 9, 8, 8, -18, -12, -12, -12, 6, 7, 8, 8, 8, 8, -22, -10, -11, -12, -12, -12, 
Pred table: 568, 5780, 16914, 57450, 100000000000, 1000000000000, -360, 1897, 9934, 33104, 10000000000, -1000000000000, 

Iteration: 30000: eval_loss 1.20499, pred_loss 1.46545, negamax_iters 215, W/D/L 94/0/184, EVAL_LR 0.1, PRED_LR 0, pos/neg evals 294/287
Eval table: -6, 183, 748, 7128, 892420, 1000000000000, 7614, -64, -727, -4291, -108796, -1000000000000, 3, 9, 8, 8, -20, -16, -12, -12, 6, 6, 8, 8, 8, 8, -28, -10, -11, -12, -12, -12, 
Pred table: 568, 5780, 16914, 57450, 100000000000, 1000000000000, -360, 1897, 9934, 33104, 10000000000, -1000000000000, 

Iteration: 35000: eval_loss 1.08608, pred_loss 1.56159, negamax_iters 215, W/D/L 89/0/197, EVAL_LR 0.1, PRED_LR 0, pos/neg evals 297/292
Eval table: -6, 201, 705, 4882, 708572, 1000000000000, 7252, -62, -837, -3745, -128560, -1000000000000, 3, 5, 5, 6, -21, -19, -15, -15, 5, 2, 5, 6, 6, 6, -34, -12, -16, -15, -15, -15, 
Pred table: 568, 5780, 16914, 57450, 100000000000, 1000000000000, -360, 1897, 9934, 33104, 10000000000, -1000000000000, 

Iteration: 40000: eval_loss 1.13075, pred_loss 1.47259, negamax_iters 219, W/D/L 86/0/183, EVAL_LR 0.1, PRED_LR 0, pos/neg evals 282/277
Eval table: -6, 233, 865, 3618, 538846, 1000000000000, 8256, -64, -721, -3503, -150376, -1000000000000, 4, 2, 2, 4, -19, -21, -18, -18, 7, 0, 3, 4, 4, 4, -34, -13, -18, -18, -18, -18, 
Pred table: 568, 5780, 16914, 57450, 100000000000, 1000000000000, -360, 1897, 9934, 33104, 10000000000, -1000000000000, 

Iteration: 45000: eval_loss 1.05967, pred_loss 1.42013, negamax_iters 218, W/D/L 103/0/172, EVAL_LR 0.1, PRED_LR 0, pos/neg evals 291/283
Eval table: -9, 236, 727, 2986, 538922, 1000000000000, 7947, -67, -777, -3680, -150294, -1000000000000, 4, 0, 2, 4, -26, -26, -18, -18, 1, -1, 2, 4, 4, 4, -49, -16, -19, -18, -18, -18, 
Pred table: 568, 5780, 16914, 57450, 100000000000, 1000000000000, -360, 1897, 9934, 33104, 10000000000, -1000000000000, 

Iteration: 50000: eval_loss 1.03994, pred_loss 1.34235, negamax_iters 216, W/D/L 113/0/169, EVAL_LR 0.1, PRED_LR 0, pos/neg evals 298/289
Eval table: -8, 244, 819, 3032, 539122, 1000000000000, 8348, -85, -712, -2947, -150071, -1000000000000, 3, -1, 2, 4, -31, -31, -18, -18, 1, -1, 1, 4, 4, 4, -58, -17, -21, -18, -18, -18, 
Pred table: 568, 5780, 16914, 57450, 100000000000, 1000000000000, -360, 1897, 9934, 33104, 10000000000, -1000000000000, 

Iteration: 55000: eval_loss 1.03061, pred_loss 1.48838, negamax_iters 216, W/D/L 101/0/183, EVAL_LR 0.1, PRED_LR 0, pos/neg evals 299/295
Eval table: -7, 258, 795, 1501, 539666, 1000000000000, 9668, -95, -789, -3300, -149559, -1000000000000, 1, -3, 2, 4, -39, -43, -18, -18, -1, -6, -1, 4, 4, 4, -78, -24, -24, -18, -18, -18, 
Pred table: 568, 5780, 16914, 57450, 100000000000, 1000000000000, -360, 1897, 9934, 33104, 10000000000, -1000000000000, 

Iteration: 60000: eval_loss 1.09789, pred_loss 1.45405, negamax_iters 215, W/D/L 83/0/186, EVAL_LR 0.1, PRED_LR 0, pos/neg evals 290/285
Eval table: -7, 275, 843, 2643, 541159, 1000000000000, 12223, -91, -802, -2288, -146891, -1000000000000, 3, -4, 4, 4, -36, -47, -18, -18, -1, -3, 1, 4, 4, 4, -80, -28, -30, -17, -18, -18, 
Pred table: 568, 5780, 16914, 57450, 100000000000, 1000000000000, -360, 1897, 9934, 33104, 10000000000, -1000000000000, 

Iteration: 65000: eval_loss 1.00555, pred_loss 1.70638, negamax_iters 215, W/D/L 91/0/185, EVAL_LR 0.1, PRED_LR 0, pos/neg evals 295/289
Eval table: -5, 268, 726, 2286, 545325, 1000000000000, 11058, -94, -856, -3042, -140578, -1000000000000, -1, -6, 5, 4, -46, -58, -18, -18, -5, -5, 5, 4, 4, 4, -95, -34, -36, -17, -18, -18, 
Pred table: 568, 5780, 16914, 57450, 100000000000, 1000000000000, -360, 1897, 9934, 33104, 10000000000, -1000000000000, 

Iteration: 70000: eval_loss 0.972279, pred_loss 1.5203, negamax_iters 215, W/D/L 82/0/197, EVAL_LR 0.1, PRED_LR 0, pos/neg evals 293/288
Eval table: -5, 250, 789, 2727, 556760, 1000000000000, 11763, -109, -851, -2720, -121971, -1000000000000, 0, -7, 5, 4, -51, -54, -20, -18, -3, -3, 4, 4, 4, 4, -95, -33, -36, -16, -17, -18, 
Pred table: 568, 5780, 16914, 57450, 100000000000, 1000000000000, -360, 1897, 9934, 33104, 10000000000, -1000000000000, 

Iteration: 75000: eval_loss 0.873817, pred_loss 1.53037, negamax_iters 214, W/D/L 119/0/159, EVAL_LR 0.1, PRED_LR 0, pos/neg evals 293/288
Eval table: -7, 260, 764, 2493, 501409, 1000000000000, 11256, -112, -817, -3033, -135853, -1000000000000, -1, -10, 3, 2, -61, -60, -22, -20, -5, -4, 2, 2, 2, 2, -108, -36, -40, -17, -19, -20, 
Pred table: 568, 5780, 16914, 57450, 100000000000, 1000000000000, -360, 1897, 9934, 33104, 10000000000, -1000000000000, 

Iteration: 80000: eval_loss 1.061, pred_loss 1.72099, negamax_iters 219, W/D/L 88/0/184, EVAL_LR 0.1, PRED_LR 0, pos/neg evals 283/280
Eval table: -7, 259, 788, 2416, 501547, 1000000000000, 9844, -119, -829, -3721, -135628, -1000000000000, -3, -11, 3, 2, -73, -76, -22, -20, -7, -5, 0, 2, 2, 2, -126, -46, -45, -17, -19, -20, 
Pred table: 568, 5780, 16914, 57450, 100000000000, 1000000000000, -360, 1897, 9934, 33104, 10000000000, -1000000000000, 

Iteration: 85000: eval_loss 1.01274, pred_loss 1.51382, negamax_iters 218, W/D/L 84/0/187, EVAL_LR 0.1, PRED_LR 0, pos/neg evals 285/279
Eval table: -6, 279, 872, 2648, 501935, 1000000000000, 11420, -120, -853, -3259, -135037, -1000000000000, -3, -10, 3, 2, -77, -83, -22, -20, -7, -6, 2, 2, 2, 2, -141, -47, -43, -17, -19, -20, 
Pred table: 568, 5780, 16914, 57450, 100000000000, 1000000000000, -360, 1897, 9934, 33104, 10000000000, -1000000000000, 

Iteration: 90000: eval_loss 0.899457, pred_loss 1.63525, negamax_iters 213, W/D/L 88/0/205, EVAL_LR 0.1, PRED_LR 0, pos/neg evals 313/306
Eval table: -7, 289, 734, 2461, 503047, 1000000000000, 10941, -117, -1033, -3668, -133323, -1000000000000, -4, -12, 3, 2, -102, -96, -22, -20, -8, -8, 3, 2, 2, 2, -169, -55, -47, -17, -19, -20, 
Pred table: 568, 5780, 16914, 57450, 100000000000, 1000000000000, -360, 1897, 9934, 33104, 10000000000, -1000000000000, 

Iteration: 95000: eval_loss 0.994634, pred_loss 1.5265, negamax_iters 220, W/D/L 97/0/167, EVAL_LR 0.1, PRED_LR 0, pos/neg evals 280/275
Eval table: -7, 322, 855, 2847, 506159, 1000000000000, 12434, -110, -936, -3220, -128135, -1000000000000, -3, -9, 3, 2, -116, -96, -20, -20, -6, -7, 3, 2, 2, 2, -163, -53, -45, -17, -19, -20, 
Pred table: 568, 5780, 16914, 57450, 100000000000, 1000000000000, -360, 1897, 9934, 33104, 10000000000, -1000000000000, 

Iteration: 100000: eval_loss 0.916905, pred_loss 1.47193, negamax_iters 216, W/D/L 108/0/179, EVAL_LR 0.1, PRED_LR 0, pos/neg evals 300/298
Eval table: -9, 297, 924, 3184, 560198, 1000000000000, 13536, -121, -912, -3056, -110312, -1000000000000, -2, -8, 5, 4, -116, -102, -19, -18, -5, -4, 4, 4, 4, 4, -163, -50, -40, -15, -17, -18, 
Pred table: 568, 5780, 16914, 57450, 100000000000, 1000000000000, -360, 1897, 9934, 33104, 10000000000, -1000000000000, 

Iteration: 105000: eval_loss 0.948167, pred_loss 1.59146, negamax_iters 218, W/D/L 99/0/166, EVAL_LR 0.1, PRED_LR 0, pos/neg evals 280/275
Eval table: -10, 305, 774, 2366, 560294, 1000000000000, 12469, -130, -909, -3596, -109989, -1000000000000, -5, -12, 5, 4, -142, -133, -21, -18, -9, -7, 1, 4, 4, 4, -231, -61, -46, -15, -17, -18, 
Pred table: 568, 5780, 16914, 57450, 100000000000, 1000000000000, -360, 1897, 9934, 33104, 10000000000, -1000000000000, 

Iteration: 110000: eval_loss 0.95132, pred_loss 1.46621, negamax_iters 217, W/D/L 106/0/178, EVAL_LR 0.1, PRED_LR 0, pos/neg evals 296/284
Eval table: -11, 326, 830, 2164, 506284, 1000000000000, 11769, -119, -846, -3934, -121438, -1000000000000, -6, -13, 4, 2, -159, -148, -23, -19, -11, -9, 0, 2, 2, 2, -256, -72, -51, -16, -19, -19, 
Pred table: 568, 5780, 16914, 57450, 100000000000, 1000000000000, -360, 1897, 9934, 33104, 10000000000, -1000000000000, 

Iteration: 115000: eval_loss 1.04151, pred_loss 1.60558, negamax_iters 220, W/D/L 95/0/182, EVAL_LR 0.1, PRED_LR 0, pos/neg evals 290/280
Eval table: -9, 336, 802, 1832, 402564, 1000000000000, 11010, -116, -968, -4301, -145643, -1000000000000, -8, -15, 1, 0, -184, -169, -28, -23, -13, -11, -2, 0, 0, 0, -310, -81, -60, -19, -22, -23, 
Pred table: 568, 5780, 16914, 57450, 100000000000, 1000000000000, -360, 1897, 9934, 33104, 10000000000, -1000000000000, 

Iteration: 120000: eval_loss 1.00225, pred_loss 1.439, negamax_iters 217, W/D/L 103/0/186, EVAL_LR 0.1, PRED_LR 0, pos/neg evals 303/298
Eval table: -9, 321, 939, 2320, 402602, 1000000000000, 13804, -123, -873, -3968, -145616, -1000000000000, -6, -13, 1, 0, -179, -161, -28, -23, -10, -9, -1, 0, 0, 0, -275, -80, -55, -19, -22, -23, 
Pred table: 568, 5780, 16914, 57450, 100000000000, 1000000000000, -360, 1897, 9934, 33104, 10000000000, -1000000000000, 

Iteration: 125000: eval_loss 0.909057, pred_loss 1.52204, negamax_iters 220, W/D/L 83/0/185, EVAL_LR 0.1, PRED_LR 0, pos/neg evals 279/276
Eval table: -9, 321, 961, 2846, 402705, 1000000000000, 15311, -128, -915, -3699, -145447, -1000000000000, -6, -13, 1, 0, -214, -155, -28, -23, -9, -7, 0, 0, 0, 0, -240, -75, -54, -19, -22, -23, 
Pred table: 568, 5780, 16914, 57450, 100000000000, 1000000000000, -360, 1897, 9934, 33104, 10000000000, -1000000000000, 

Iteration: 130000: eval_loss 0.874749, pred_loss 1.64361, negamax_iters 214, W/D/L 85/0/198, EVAL_LR 0.1, PRED_LR 0, pos/neg evals 303/296
Eval table: -8, 323, 949, 2729, 359349, 1000000000000, 15025, -130, -1047, -4112, -159242, -1000000000000, -7, -14, 0, -1, -230, -175, -31, -26, -10, -9, -2, -1, -1, -1, -264, -85, -61, -21, -25, -26, 
Pred table: 568, 5780, 16914, 57450, 100000000000, 1000000000000, -360, 1897, 9934, 33104, 10000000000, -1000000000000, 

Iteration: 135000: eval_loss 1.05633, pred_loss 1.53664, negamax_iters 219, W/D/L 105/0/163, EVAL_LR 0.1, PRED_LR 0, pos/neg evals 284/275
Eval table: -7, 369, 996, 3179, 372106, 1000000000000, 15601, -120, -1119, -3625, -149905, -1000000000000, -9, -11, 0, -1, -262, -175, -30, -26, -7, -7, -2, -1, -1, -1, -251, -77, -64, -21, -25, -26, 
Pred table: 568, 5780, 16914, 57450, 100000000000, 1000000000000, -360, 1897, 9934, 33104, 10000000000, -1000000000000, 

Iteration: 140000: eval_loss 0.818058, pred_loss 1.64026, negamax_iters 217, W/D/L 75/0/187, EVAL_LR 0.1, PRED_LR 0, pos/neg evals 280/268
Eval table: -7, 356, 1127, 3586, 372379, 1000000000000, 16212, -140, -1089, -3329, -149478, -1000000000000, -10, -11, 0, -1, -309, -200, -30, -26, -7, -6, 0, -1, -1, -1, -289, -79, -59, -21, -25, -26, 
Pred table: 568, 5780, 16914, 57450, 100000000000, 1000000000000, -360, 1897, 9934, 33104, 10000000000, -1000000000000, 

Iteration: 145000: eval_loss 0.817217, pred_loss 1.66042, negamax_iters 216, W/D/L 80/0/207, EVAL_LR 0.1, PRED_LR 0, pos/neg evals 296/288
Eval table: -9, 351, 1069, 3126, 372400, 1000000000000, 13026, -163, -1160, -3092, -148919, -1000000000000, -13, -14, 0, -1, -371, -258, -33, -26, -9, -8, -1, 0, -1, -1, -362, -88, -61, -20, -25, -26, 
Pred table: 568, 5780, 16914, 57450, 100000000000, 1000000000000, -360, 1897, 9934, 33104, 10000000000, -1000000000000, 

Iteration: 150000: eval_loss 0.795949, pred_loss 1.71984, negamax_iters 215, W/D/L 92/0/178, EVAL_LR 0.1, PRED_LR 0, pos/neg evals 292/286
Eval table: -8, 369, 1129, 3280, 372467, 1000000000000, 14350, -174, -1162, -3189, -148794, -1000000000000, -13, -13, 0, -1, -386, -275, -33, -26, -9, -6, 0, 0, -1, -1, -367, -92, -63, -20, -25, -26, 
Pred table: 568, 5780, 16914, 57450, 100000000000, 1000000000000, -360, 1897, 9934, 33104, 10000000000, -1000000000000, 

Iteration: 155000: eval_loss 0.903705, pred_loss 1.79922, negamax_iters 218, W/D/L 102/0/168, EVAL_LR 0.1, PRED_LR 0, pos/neg evals 284/278
Eval table: -6, 424, 1109, 3223, 334682, 1000000000000, 14259, -166, -1191, -3585, -163465, -1000000000000, -14, -17, -1, -3, -437, -327, -37, -28, -10, -8, -2, -2, -3, -3, -402, -113, -76, -23, -27, -28, 
Pred table: 568, 5780, 16914, 57450, 100000000000, 1000000000000, -360, 1897, 9934, 33104, 10000000000, -1000000000000, 

Iteration: 160000: eval_loss 0.82708, pred_loss 1.82067, negamax_iters 219, W/D/L 97/0/175, EVAL_LR 0.1, PRED_LR 0, pos/neg evals 279/273
Eval table: -8, 370, 1130, 3406, 370163, 1000000000000, 17237, -203, -1277, -2944, -147454, -1000000000000, -15, -14, 0, -1, -470, -293, -33, -25, -8, -7, -1, -1, -1, -1, -432, -99, -68, -20, -24, -25, 
Pred table: 568, 5780, 16914, 57450, 100000000000, 1000000000000, -360, 1897, 9934, 33104, 10000000000, -1000000000000, 

Iteration: 165000: eval_loss 0.809499, pred_loss 1.7271, negamax_iters 218, W/D/L 90/0/185, EVAL_LR 0.1, PRED_LR 0, pos/neg evals 289/283
Eval table: -8, 407, 1169, 3364, 334320, 1000000000000, 16113, -189, -1255, -2990, -162766, -1000000000000, -18, -17, -2, -2, -543, -366, -37, -28, -10, -8, -2, -2, -2, -2, -508, -103, -71, -22, -27, -28, 
Pred table: 568, 5780, 16914, 57450, 100000000000, 1000000000000, -360, 1897, 9934, 33104, 10000000000, -1000000000000, 

Iteration: 170000: eval_loss 0.706024, pred_loss 1.56438, negamax_iters 217, W/D/L 78/0/201, EVAL_LR 0.1, PRED_LR 0, pos/neg evals 292/282
Eval table: -8, 434, 1255, 3494, 334424, 1000000000000, 15885, -169, -1187, -3450, -162587, -1000000000000, -20, -17, -2, -2, -564, -397, -36, -28, -10, -9, 0, -2, -2, -2, -541, -113, -77, -22, -27, -28, 
Pred table: 568, 5780, 16914, 57450, 100000000000, 1000000000000, -360, 1897, 9934, 33104, 10000000000, -1000000000000, 

Iteration: 175000: eval_loss 0.841796, pred_loss 1.69094, negamax_iters 216, W/D/L 87/0/182, EVAL_LR 0.1, PRED_LR 0, pos/neg evals 282/279
Eval table: -9, 350, 1358, 3842, 334929, 1000000000000, 15675, -213, -1343, -3614, -161934, -1000000000000, -21, -15, -1, -2, -603, -373, -37, -28, -9, -8, 1, -2, -2, -2, -565, -120, -83, -22, -27, -28, 
Pred table: 568, 5780, 16914, 57450, 100000000000, 1000000000000, -360, 1897, 9934, 33104, 10000000000, -1000000000000, 

Iteration: 180000: eval_loss 0.772044, pred_loss 1.42628, negamax_iters 218, W/D/L 91/0/198, EVAL_LR 0.1, PRED_LR 0, pos/neg evals 298/293
Eval table: -8, 420, 1545, 4283, 336705, 1000000000000, 18119, -187, -1264, -3627, -159917, -1000000000000, -22, -15, -1, -2, -608, -365, -37, -28, -10, -4, 2, -2, -2, -2, -546, -119, -100, -22, -27, -28, 
Pred table: 568, 5780, 16914, 57450, 100000000000, 1000000000000, -360, 1897, 9934, 33104, 10000000000, -1000000000000, 

Iteration: 185000: eval_loss 1.01294, pred_loss 1.50589, negamax_iters 219, W/D/L 98/0/167, EVAL_LR 0.1, PRED_LR 0, pos/neg evals 278/274
Eval table: -11, 433, 1721, 4918, 339007, 1000000000000, 20576, -199, -1079, -3955, -154191, -1000000000000, -21, -18, -1, -2, -679, -361, -37, -28, -9, -3, 3, -2, -2, -2, -551, -126, -125, -22, -27, -28, 
Pred table: 568, 5780, 16914, 57450, 100000000000, 1000000000000, -360, 1897, 9934, 33104, 10000000000, -1000000000000, 

Iteration: 190000: eval_loss 0.908834, pred_loss 1.75601, negamax_iters 218, W/D/L 92/0/191, EVAL_LR 0.1, PRED_LR 0, pos/neg evals 289/283
Eval table: -11, 384, 1405, 4606, 345466, 1000000000000, 18419, -223, -1420, -4330, -137107, -1000000000000, -24, -22, 0, -2, -761, -437, -38, -28, -12, -3, 3, -2, -2, -2, -715, -133, -120, -20, -26, -28, 
Pred table: 568, 5780, 16914, 57450, 100000000000, 1000000000000, -360, 1897, 9934, 33104, 10000000000, -1000000000000, 

Iteration: 195000: eval_loss 0.806763, pred_loss 1.56763, negamax_iters 215, W/D/L 92/0/187, EVAL_LR 0.1, PRED_LR 0, pos/neg evals 291/287
Eval table: -10, 438, 1626, 4471, 316455, 1000000000000, 19051, -201, -1142, -3894, -146305, -1000000000000, -23, -25, -1, -4, -664, -509, -40, -31, -11, -4, 1, -3, -4, -4, -655, -155, -132, -22, -29, -31, 
Pred table: 568, 5780, 16914, 57450, 100000000000, 1000000000000, -360, 1897, 9934, 33104, 10000000000, -1000000000000, 

Iteration: 200000: eval_loss 0.813742, pred_loss 1.4854, negamax_iters 216, W/D/L 98/0/180, EVAL_LR 0.1, PRED_LR 0, pos/neg evals 296/289
Eval table: -13, 422, 1647, 4976, 316645, 1000000000000, 19776, -211, -947, -3855, -145826, -1000000000000, -24, -31, -1, -4, -713, -606, -40, -31, -12, -4, 1, -3, -4, -4, -737, -149, -142, -22, -29, -31, 
Pred table: 568, 5780, 16914, 57450, 100000000000, 1000000000000, -360, 1897, 9934, 33104, 10000000000, -1000000000000, 

Iteration: 205000: eval_loss 0.801039, pred_loss 1.83321, negamax_iters 216, W/D/L 90/0/192, EVAL_LR 0.1, PRED_LR 0, pos/neg evals 295/290
Eval table: -11, 430, 1371, 5654, 317393, 1000000000000, 21227, -235, -1222, -3864, -144585, -1000000000000, -26, -36, -1, -4, -762, -767, -40, -31, -16, -1, 1, -3, -4, -4, -945, -177, -143, -22, -29, -31, 
Pred table: 568, 5780, 16914, 57450, 100000000000, 1000000000000, -360, 1897, 9934, 33104, 10000000000, -1000000000000, 

Iteration: 210000: eval_loss 0.732334, pred_loss 1.87337, negamax_iters 218, W/D/L 94/0/182, EVAL_LR 0.1, PRED_LR 0, pos/neg evals 291/285
Eval table: -10, 485, 1386, 5249, 285754, 1000000000000, 21215, -249, -1280, -4096, -157890, -1000000000000, -29, -37, -2, -5, -825, -916, -44, -34, -17, -2, 0, -5, -5, -5, -1022, -184, -172, -24, -32, -34, 
Pred table: 568, 5780, 16914, 57450, 100000000000, 1000000000000, -360, 1897, 9934, 33104, 10000000000, -1000000000000, 

Iteration: 215000: eval_loss 0.820716, pred_loss 1.84485, negamax_iters 215, W/D/L 98/0/176, EVAL_LR 0.1, PRED_LR 0, pos/neg evals 290/280
Eval table: -10, 494, 1661, 5797, 285925, 1000000000000, 21866, -265, -1091, -3570, -157608, -1000000000000, -29, -32, -2, -5, -745, -959, -42, -34, -17, -2, 1, -5, -5, -5, -1006, -167, -158, -24, -32, -34, 
Pred table: 568, 5780, 16914, 57450, 100000000000, 1000000000000, -360, 1897, 9934, 33104, 10000000000, -1000000000000, 

Iteration: 220000: eval_loss 0.791277, pred_loss 1.80248, negamax_iters 215, W/D/L 96/0/177, EVAL_LR 0.1, PRED_LR 0, pos/neg evals 285/279
Eval table: -14, 526, 1451, 4111, 198231, 1000000000000, 19071, -250, -1256, -4847, -204553, -1000000000000, -33, -43, -7, -9, -871, -1262, -55, -44, -23, -6, -2, -9, -9, -9, -1414, -225, -207, -31, -41, -44, 
Pred table: 568, 5780, 16914, 57450, 100000000000, 1000000000000, -360, 1897, 9934, 33104, 10000000000, -1000000000000, 

Iteration: 225000: eval_loss 0.776346, pred_loss 1.89752, negamax_iters 215, W/D/L 102/0/175, EVAL_LR 0.1, PRED_LR 0, pos/neg evals 296/295
Eval table: -13, 507, 1526, 3750, 172576, 1000000000000, 19067, -231, -1317, -5337, -221650, -1000000000000, -35, -46, -8, -10, -879, -1397, -60, -48, -23, -8, -3, -11, -10, -10, -1458, -250, -225, -34, -45, -48, 
Pred table: 568, 5780, 16914, 57450, 100000000000, 1000000000000, -360, 1897, 9934, 33104, 10000000000, -1000000000000, 

Iteration: 230000: eval_loss 0.934231, pred_loss 1.61421, negamax_iters 220, W/D/L 91/0/189, EVAL_LR 0.1, PRED_LR 0, pos/neg evals 287/281
Eval table: -14, 506, 1845, 3863, 171614, 1000000000000, 21247, -229, -1103, -4826, -221862, -1000000000000, -31, -47, -8, -10, -775, -1389, -60, -48, -22, -8, -3, -11, -10, -10, -1329, -253, -227, -34, -45, -48, 
Pred table: 568, 5780, 16914, 57450, 100000000000, 1000000000000, -360, 1897, 9934, 33104, 10000000000, -1000000000000, 

Iteration: 235000: eval_loss 0.869552, pred_loss 1.89304, negamax_iters 218, W/D/L 104/0/172, EVAL_LR 0.1, PRED_LR 0, pos/neg evals 287/277
Eval table: -13, 517, 1586, 3766, 171979, 1000000000000, 22323, -216, -1141, -5145, -221500, -1000000000000, -29, -46, -8, -10, -782, -1630, -60, -48, -26, -8, -4, -11, -10, -10, -1480, -267, -205, -34, -45, -48, 
Pred table: 568, 5780, 16914, 57450, 100000000000, 1000000000000, -360, 1897, 9934, 33104, 10000000000, -1000000000000, 

Iteration: 240000: eval_loss 0.831417, pred_loss 1.97082, negamax_iters 216, W/D/L 94/0/181, EVAL_LR 0.1, PRED_LR 0, pos/neg evals 289/286
Eval table: -11, 535, 1487, 3208, 153471, 1000000000000, 18489, -215, -1313, -5714, -242377, -1000000000000, -37, -53, -9, -11, -982, -1936, -66, -53, -31, -11, -7, -12, -11, -11, -1781, -306, -249, -37, -49, -53, 
Pred table: 568, 5780, 16914, 57450, 100000000000, 1000000000000, -360, 1897, 9934, 33104, 10000000000, -1000000000000, 

Iteration: 245000: eval_loss 0.891154, pred_loss 1.87141, negamax_iters 220, W/D/L 97/0/169, EVAL_LR 0.1, PRED_LR 0, pos/neg evals 280/269
Eval table: -12, 442, 1704, 4232, 153864, 1000000000000, 19845, -233, -1286, -5001, -241979, -1000000000000, -38, -49, -9, -11, -983, -2008, -66, -53, -30, -10, -7, -12, -11, -11, -1802, -295, -242, -37, -49, -53, 
Pred table: 568, 5780, 16914, 57450, 100000000000, 1000000000000, -360, 1897, 9934, 33104, 10000000000, -1000000000000, 

Iteration: 250000: eval_loss 0.86478, pred_loss 1.80465, negamax_iters 217, W/D/L 97/0/187, EVAL_LR 0.1, PRED_LR 0, pos/neg evals 297/290
Eval table: -12, 480, 1828, 4357, 137927, 1000000000000, 22686, -235, -1163, -5058, -264288, -1000000000000, -34, -49, -11, -12, -895, -1880, -72, -58, -29, -10, -8, -13, -12, -12, -1695, -300, -243, -40, -54, -58, 
Pred table: 568, 5780, 16914, 57450, 100000000000, 1000000000000, -360, 1897, 9934, 33104, 10000000000, -1000000000000, 

Iteration: 255000: eval_loss 0.708987, pred_loss 1.83018, negamax_iters 216, W/D/L 102/0/183, EVAL_LR 0.1, PRED_LR 0, pos/neg evals 297/291
Eval table: -15, 482, 1798, 4715, 139562, 1000000000000, 24343, -238, -1305, -4841, -262941, -1000000000000, -33, -46, -11, -12, -893, -1935, -72, -58, -29, -10, -8, -13, -12, -12, -1651, -300, -246, -40, -54, -58, 
Pred table: 568, 5780, 16914, 57450, 100000000000, 1000000000000, -360, 1897, 9934, 33104, 10000000000, -1000000000000, 

Iteration: 260000: eval_loss 1.07821, pred_loss 1.977, negamax_iters 218, W/D/L 95/0/184, EVAL_LR 0.1, PRED_LR 0, pos/neg evals 293/287
Eval table: -15, 478, 1614, 5091, 125849, 1000000000000, 22508, -257, -1431, -5327, -287148, -1000000000000, -40, -51, -12, -13, -1056, -2306, -79, -63, -35, -10, -9, -15, -13, -13, -2020, -325, -260, -44, -59, -63, 
Pred table: 568, 5780, 16914, 57450, 100000000000, 1000000000000, -360, 1897, 9934, 33104, 10000000000, -1000000000000, 

Iteration: 265000: eval_loss 0.828053, pred_loss 1.961, negamax_iters 218, W/D/L 89/0/189, EVAL_LR 0.1, PRED_LR 0, pos/neg evals 290/287
Eval table: -15, 550, 1712, 5144, 112649, 1000000000000, 19289, -226, -1390, -5346, -313428, -1000000000000, -44, -55, -13, -15, -1140, -2479, -87, -69, -37, -10, -11, -16, -15, -15, -2162, -349, -285, -48, -64, -69, 
Pred table: 568, 5780, 16914, 57450, 100000000000, 1000000000000, -360, 1897, 9934, 33104, 10000000000, -1000000000000, 

Iteration: 270000: eval_loss 0.845208, pred_loss 1.96825, negamax_iters 218, W/D/L 99/0/182, EVAL_LR 0.1, PRED_LR 0, pos/neg evals 294/290
Eval table: -11, 568, 2023, 5380, 112825, 1000000000000, 19717, -220, -1218, -4742, -313264, -1000000000000, -39, -54, -13, -15, -1018, -2478, -87, -69, -32, -10, -11, -16, -15, -15, -2043, -321, -282, -48, -64, -69, 
Pred table: 568, 5780, 16914, 57450, 100000000000, 1000000000000, -360, 1897, 9934, 33104, 10000000000, -1000000000000, 

Iteration: 275000: eval_loss 0.792715, pred_loss 1.92163, negamax_iters 217, W/D/L 99/0/174, EVAL_LR 0.1, PRED_LR 0, pos/neg evals 284/282
Eval table: -12, 562, 1913, 6513, 113328, 1000000000000, 19198, -212, -1284, -5216, -312643, -1000000000000, -44, -55, -13, -15, -1061, -3112, -86, -69, -39, -10, -10, -16, -15, -15, -2316, -334, -316, -48, -64, -69, 
Pred table: 568, 5780, 16914, 57450, 100000000000, 1000000000000, -360, 1897, 9934, 33104, 10000000000, -1000000000000, 

Iteration: 280000: eval_loss 0.776735, pred_loss 1.89379, negamax_iters 218, W/D/L 113/0/167, EVAL_LR 0.1, PRED_LR 0, pos/neg evals 291/282
Eval table: -14, 540, 1951, 7253, 115267, 1000000000000, 18637, -242, -1206, -5446, -310003, -1000000000000, -44, -56, -13, -15, -1147, -2965, -85, -69, -37, -9, -11, -16, -15, -15, -2350, -341, -345, -48, -64, -69, 
Pred table: 568, 5780, 16914, 57450, 100000000000, 1000000000000, -360, 1897, 9934, 33104, 10000000000, -1000000000000, 

Iteration: 285000: eval_loss 0.969043, pred_loss 1.80661, negamax_iters 221, W/D/L 93/0/168, EVAL_LR 0.1, PRED_LR 0, pos/neg evals 277/270
Eval table: -13, 679, 1784, 6105, 103984, 1000000000000, 18830, -186, -1270, -5841, -339808, -1000000000000, -48, -55, -14, -16, -1327, -2896, -94, -76, -44, -10, -12, -17, -16, -16, -2728, -369, -374, -53, -70, -76, 
Pred table: 568, 5780, 16914, 57450, 100000000000, 1000000000000, -360, 1897, 9934, 33104, 10000000000, -1000000000000, 

Iteration: 290000: eval_loss 0.895104, pred_loss 1.84606, negamax_iters 215, W/D/L 83/0/191, EVAL_LR 0.1, PRED_LR 0, pos/neg evals 291/281
Eval table: -16, 640, 1905, 7326, 104254, 1000000000000, 17580, -210, -1318, -6166, -339455, -1000000000000, -52, -53, -14, -16, -1345, -3011, -94, -76, -43, -9, -12, -17, -16, -16, -3016, -374, -379, -52, -70, -76, 
Pred table: 568, 5780, 16914, 57450, 100000000000, 1000000000000, -360, 1897, 9934, 33104, 10000000000, -1000000000000, 

Iteration: 295000: eval_loss 0.915354, pred_loss 1.98399, negamax_iters 218, W/D/L 97/0/189, EVAL_LR 0.1, PRED_LR 0, pos/neg evals 301/286
Eval table: -14, 662, 2066, 7472, 94017, 1000000000000, 15895, -207, -1313, -6070, -371768, -1000000000000, -53, -53, -16, -18, -1315, -3444, -103, -83, -43, -9, -13, -19, -18, -18, -3068, -386, -407, -58, -77, -83, 
Pred table: 568, 5780, 16914, 57450, 100000000000, 1000000000000, -360, 1897, 9934, 33104, 10000000000, -1000000000000, 

Iteration: 300000: eval_loss 0.952585, pred_loss 1.99699, negamax_iters 218, W/D/L 84/1/170, EVAL_LR 0.03, PRED_LR 0, pos/neg evals 265/262
Eval table: -15, 732, 1990, 7176, 83702, 1000000000000, 13598, -182, -1349, -6459, -405361, -1000000000000, -58, -59, -17, -20, -1459, -3773, -113, -91, -45, -11, -14, -21, -19, -20, -3251, -422, -440, -63, -84, -91, 
Pred table: 568, 5780, 16914, 57450, 100000000000, 1000000000000, -360, 1897, 9934, 33104, 10000000000, -1000000000000, 

Iteration: 305000: eval_loss 0.713461, pred_loss 1.64038, negamax_iters 218, W/D/L 91/0/184, EVAL_LR 0.03, PRED_LR 0, pos/neg evals 290/282
Eval table: -15, 718, 1962, 7447, 83754, 1000000000000, 13328, -186, -1381, -6160, -405310, -1000000000000, -60, -58, -17, -20, -1533, -3836, -113, -91, -47, -11, -14, -21, -19, -20, -3356, -410, -437, -63, -84, -91, 
Pred table: 568, 5780, 16914, 57450, 100000000000, 1000000000000, -360, 1897, 9934, 33104, 10000000000, -1000000000000, 

Iteration: 310000: eval_loss 0.741848, pred_loss 1.93161, negamax_iters 218, W/D/L 78/0/189, EVAL_LR 0.03, PRED_LR 0, pos/neg evals 286/276
Eval table: -17, 724, 1995, 7426, 83871, 1000000000000, 13160, -188, -1406, -6189, -405175, -1000000000000, -63, -58, -17, -20, -1591, -3829, -113, -91, -47, -11, -14, -21, -19, -20, -3402, -412, -445, -63, -84, -91, 
Pred table: 568, 5780, 16914, 57450, 100000000000, 1000000000000, -360, 1897, 9934, 33104, 10000000000, -1000000000000, 

Iteration: 315000: eval_loss 0.756923, pred_loss 1.99492, negamax_iters 215, W/D/L 96/0/182, EVAL_LR 0.03, PRED_LR 0, pos/neg evals 293/291
Eval table: -17, 727, 2070, 7959, 83882, 1000000000000, 13573, -184, -1375, -5908, -404949, -1000000000000, -64, -56, -17, -20, -1545, -3724, -112, -91, -46, -10, -14, -21, -19, -20, -3305, -400, -430, -63, -84, -91, 
Pred table: 568, 5780, 16914, 57450, 100000000000, 1000000000000, -360, 1897, 9934, 33104, 10000000000, -1000000000000, 

Iteration: 320000: eval_loss 0.756291, pred_loss 2.03468, negamax_iters 215, W/D/L 97/0/199, EVAL_LR 0.03, PRED_LR 0, pos/neg evals 310/304
Eval table: -18, 694, 2018, 7816, 84142, 1000000000000, 13592, -198, -1452, -5798, -404849, -1000000000000, -65, -55, -17, -20, -1581, -3847, -112, -91, -47, -10, -14, -21, -19, -20, -3405, -400, -427, -63, -84, -91, 
Pred table: 568, 5780, 16914, 57450, 100000000000, 1000000000000, -360, 1897, 9934, 33104, 10000000000, -1000000000000, 

Iteration: 325000: eval_loss 0.829375, pred_loss 1.83181, negamax_iters 217, W/D/L 85/0/188, EVAL_LR 0.03, PRED_LR 0, pos/neg evals 286/282
Eval table: -20, 731, 1976, 7619, 84433, 1000000000000, 13072, -190, -1371, -5997, -404515, -1000000000000, -69, -58, -17, -20, -1697, -3892, -113, -91, -47, -11, -14, -21, -19, -20, -3442, -417, -444, -63, -84, -91, 
Pred table: 568, 5780, 16914, 57450, 100000000000, 1000000000000, -360, 1897, 9934, 33104, 10000000000, -1000000000000, 

Iteration: 330000: eval_loss 0.853364, pred_loss 2.25903, negamax_iters 217, W/D/L 78/0/197, EVAL_LR 0.03, PRED_LR 0, pos/neg evals 285/275
Eval table: -17, 748, 1904, 7036, 77065, 1000000000000, 11984, -180, -1443, -6468, -440757, -1000000000000, -74, -62, -19, -21, -1849, -4175, -123, -99, -50, -12, -16, -23, -21, -21, -3669, -453, -480, -68, -92, -99, 
Pred table: 568, 5780, 16914, 57450, 100000000000, 1000000000000, -360, 1897, 9934, 33104, 10000000000, -1000000000000, 

Iteration: 335000: eval_loss 0.804463, pred_loss 1.75527, negamax_iters 219, W/D/L 108/0/160, EVAL_LR 0.03, PRED_LR 0, pos/neg evals 288/283
Eval table: -19, 777, 2000, 7276, 77087, 1000000000000, 12115, -181, -1430, -6353, -440738, -1000000000000, -71, -61, -19, -21, -1763, -4121, -123, -99, -48, -12, -15, -23, -21, -21, -3496, -449, -479, -68, -92, -99, 
Pred table: 568, 5780, 16914, 57450, 100000000000, 1000000000000, -360, 1897, 9934, 33104, 10000000000, -1000000000000, 

Iteration: 340000: eval_loss 0.782824, pred_loss 1.87194, negamax_iters 217, W/D/L 84/0/203, EVAL_LR 0.03, PRED_LR 0, pos/neg evals 300/295
Eval table: -20, 800, 2017, 7114, 74738, 1000000000000, 11824, -172, -1388, -7079, -453524, -1000000000000, -77, -61, -19, -22, -1889, -4067, -126, -102, -50, -12, -16, -24, -22, -22, -3682, -472, -500, -70, -94, -102, 
Pred table: 568, 5780, 16914, 57450, 100000000000, 1000000000000, -360, 1897, 9934, 33104, 10000000000, -1000000000000, 

Iteration: 345000: eval_loss 0.831529, pred_loss 1.89854, negamax_iters 216, W/D/L 86/0/178, EVAL_LR 0.03, PRED_LR 0, pos/neg evals 287/279
Eval table: -20, 804, 2075, 7300, 74801, 1000000000000, 11709, -166, -1395, -6991, -453480, -1000000000000, -81, -61, -19, -22, -1956, -4081, -126, -102, -51, -12, -16, -24, -22, -22, -3746, -468, -498, -70, -94, -102, 
Pred table: 568, 5780, 16914, 57450, 100000000000, 1000000000000, -360, 1897, 9934, 33104, 10000000000, -1000000000000, 

Iteration: 350000: eval_loss 0.775738, pred_loss 1.95358, negamax_iters 216, W/D/L 90/0/185, EVAL_LR 0.03, PRED_LR 0, pos/neg evals 288/284
Eval table: -19, 794, 2146, 7231, 72609, 1000000000000, 11505, -169, -1383, -6928, -466756, -1000000000000, -82, -62, -20, -23, -1954, -4129, -130, -105, -50, -12, -16, -24, -23, -23, -3722, -479, -515, -72, -97, -105, 
Pred table: 568, 5780, 16914, 57450, 100000000000, 1000000000000, -360, 1897, 9934, 33104, 10000000000, -1000000000000, 

Iteration: 355000: eval_loss 0.747648, pred_loss 2.05933, negamax_iters 217, W/D/L 83/0/196, EVAL_LR 0.03, PRED_LR 0, pos/neg evals 296/284
Eval table: -20, 799, 2183, 6995, 70381, 1000000000000, 11269, -162, -1393, -6964, -480241, -1000000000000, -82, -64, -20, -23, -1934, -4267, -134, -108, -51, -13, -17, -25, -23, -23, -3731, -496, -531, -75, -100, -108, 
Pred table: 568, 5780, 16914, 57450, 100000000000, 1000000000000, -360, 1897, 9934, 33104, 10000000000, -1000000000000, 

Iteration: 360000: eval_loss 0.866392, pred_loss 2.00873, negamax_iters 220, W/D/L 88/0/183, EVAL_LR 0.03, PRED_LR 0, pos/neg evals 280/276
Eval table: -21, 825, 2208, 7132, 70438, 1000000000000, 11027, -156, -1445, -6959, -480196, -1000000000000, -86, -65, -20, -23, -1923, -4342, -134, -108, -51, -13, -17, -25, -23, -23, -3893, -512, -532, -75, -100, -108, 
Pred table: 568, 5780, 16914, 57450, 100000000000, 1000000000000, -360, 1897, 9934, 33104, 10000000000, -1000000000000, 

Iteration: 365000: eval_loss 0.797156, pred_loss 2.1869, negamax_iters 216, W/D/L 93/0/189, EVAL_LR 0.03, PRED_LR 0, pos/neg evals 295/288
Eval table: -19, 823, 2265, 6811, 68600, 1000000000000, 10727, -146, -1498, -6687, -494299, -1000000000000, -92, -68, -21, -24, -1978, -4589, -138, -111, -54, -13, -17, -26, -24, -24, -4077, -519, -547, -77, -103, -111, 
Pred table: 568, 5780, 16914, 57450, 100000000000, 1000000000000, -360, 1897, 9934, 33104, 10000000000, -1000000000000, 

Iteration: 370000: eval_loss 0.818972, pred_loss 1.60272, negamax_iters 214, W/D/L 114/0/179, EVAL_LR 0.03, PRED_LR 0, pos/neg evals 302/297
Eval table: -22, 838, 2340, 6825, 66601, 1000000000000, 10209, -141, -1451, -6910, -508657, -1000000000000, -100, -71, -22, -25, -2000, -4873, -142, -114, -57, -13, -18, -26, -25, -25, -4002, -534, -562, -79, -106, -114, 
Pred table: 568, 5780, 16914, 57450, 100000000000, 1000000000000, -360, 1897, 9934, 33104, 10000000000, -1000000000000, 

Iteration: 375000: eval_loss 0.860852, pred_loss 2.08836, negamax_iters 219, W/D/L 84/0/183, EVAL_LR 0.03, PRED_LR 0, pos/neg evals 279/273
Eval table: -19, 820, 2274, 6054, 58399, 1000000000000, 8929, -146, -1491, -7601, -568082, -1000000000000, -106, -78, -24, -28, -2120, -5419, -158, -128, -60, -15, -20, -30, -28, -28, -4194, -596, -627, -88, -118, -128, 
Pred table: 568, 5780, 16914, 57450, 100000000000, 1000000000000, -360, 1897, 9934, 33104, 10000000000, -1000000000000, 

Iteration: 380000: eval_loss 0.886857, pred_loss 1.83316, negamax_iters 217, W/D/L 89/0/186, EVAL_LR 0.03, PRED_LR 0, pos/neg evals 293/288
Eval table: -20, 812, 2298, 6101, 58464, 1000000000000, 8770, -152, -1520, -7418, -568069, -1000000000000, -108, -78, -24, -28, -2122, -5398, -158, -128, -60, -15, -20, -30, -28, -28, -4189, -581, -626, -88, -118, -128, 
Pred table: 568, 5780, 16914, 57450, 100000000000, 1000000000000, -360, 1897, 9934, 33104, 10000000000, -1000000000000, 

Iteration: 385000: eval_loss 0.893859, pred_loss 1.97196, negamax_iters 218, W/D/L 101/0/170, EVAL_LR 0.03, PRED_LR 0, pos/neg evals 285/281
Eval table: -18, 819, 2373, 6116, 58663, 1000000000000, 8958, -155, -1492, -6832, -568031, -1000000000000, -105, -75, -24, -28, -2066, -5189, -158, -128, -57, -15, -20, -30, -28, -28, -3990, -560, -624, -88, -118, -128, 
Pred table: 568, 5780, 16914, 57450, 100000000000, 1000000000000, -360, 1897, 9934, 33104, 10000000000, -1000000000000, 

Iteration: 390000: eval_loss 0.911983, pred_loss 2.14233, negamax_iters 217, W/D/L 95/0/182, EVAL_LR 0.03, PRED_LR 0, pos/neg evals 290/286
Eval table: -17, 764, 2342, 5799, 57194, 1000000000000, 8308, -166, -1532, -7230, -584540, -1000000000000, -113, -78, -25, -28, -2182, -5409, -163, -131, -59, -16, -20, -30, -28, -28, -4170, -609, -657, -91, -122, -131, 
Pred table: 568, 5780, 16914, 57450, 100000000000, 1000000000000, -360, 1897, 9934, 33104, 10000000000, -1000000000000, 

Iteration: 395000: eval_loss 0.941497, pred_loss 2.26683, negamax_iters 219, W/D/L 96/0/174, EVAL_LR 0.03, PRED_LR 0, pos/neg evals 289/283
Eval table: -14, 735, 2418, 5891, 55604, 1000000000000, 8076, -171, -1514, -7352, -601523, -1000000000000, -119, -82, -26, -29, -2246, -5512, -168, -135, -60, -17, -21, -31, -29, -29, -4271, -614, -674, -94, -125, -135, 
Pred table: 568, 5780, 16914, 57450, 100000000000, 1000000000000, -360, 1897, 9934, 33104, 10000000000, -1000000000000, 

Iteration: 400000: eval_loss 0.779054, pred_loss 1.90914, negamax_iters 217, W/D/L 97/0/185, EVAL_LR 0.03, PRED_LR 0, pos/neg evals 302/293
Eval table: -14, 709, 2526, 6043, 57002, 1000000000000, 8027, -176, -1475, -7175, -601489, -1000000000000, -121, -79, -26, -29, -2241, -5457, -168, -135, -60, -16, -21, -31, -29, -29, -4223, -595, -675, -94, -125, -135, 
Pred table: 568, 5780, 16914, 57450, 100000000000, 1000000000000, -360, 1897, 9934, 33104, 10000000000, -1000000000000, 

Iteration: 405000: eval_loss 0.863443, pred_loss 2.08652, negamax_iters 216, W/D/L 99/0/170, EVAL_LR 0.03, PRED_LR 0, pos/neg evals 282/275
Eval table: -14, 711, 2665, 6637, 57236, 1000000000000, 7986, -179, -1400, -6787, -601360, -1000000000000, -121, -78, -26, -29, -2194, -5506, -167, -135, -58, -16, -21, -31, -29, -29, -4185, -561, -668, -94, -125, -135, 
Pred table: 568, 5780, 16914, 57450, 100000000000, 1000000000000, -360, 1897, 9934, 33104, 10000000000, -1000000000000, 

Iteration: 410000: eval_loss 0.806452, pred_loss 2.0061, negamax_iters 216, W/D/L 94/0/181, EVAL_LR 0.03, PRED_LR 0, pos/neg evals 292/285
Eval table: -15, 721, 2680, 6540, 55653, 1000000000000, 7881, -180, -1386, -7032, -619059, -1000000000000, -122, -81, -26, -30, -2218, -5640, -172, -139, -59, -16, -21, -31, -30, -30, -4141, -579, -686, -96, -129, -139, 
Pred table: 568, 5780, 16914, 57450, 100000000000, 1000000000000, -360, 1897, 9934, 33104, 10000000000, -1000000000000, 

Iteration: 415000: eval_loss 0.779327, pred_loss 2.10013, negamax_iters 218, W/D/L 87/0/190, EVAL_LR 0.03, PRED_LR 0, pos/neg evals 289/284
Eval table: -15, 695, 2736, 6890, 56351, 1000000000000, 8072, -187, -1356, -6808, -618999, -1000000000000, -117, -80, -26, -30, -2159, -5409, -172, -139, -57, -16, -21, -31, -30, -30, -3972, -563, -686, -96, -129, -139, 
Pred table: 568, 5780, 16914, 57450, 100000000000, 1000000000000, -360, 1897, 9934, 33104, 10000000000, -1000000000000, 

Iteration: 420000: eval_loss 0.822466, pred_loss 1.83935, negamax_iters 218, W/D/L 102/0/171, EVAL_LR 0.03, PRED_LR 0, pos/neg evals 291/283
Eval table: -16, 709, 2792, 7375, 57126, 1000000000000, 8085, -195, -1332, -7281, -618862, -1000000000000, -114, -82, -26, -30, -2138, -5187, -172, -139, -57, -15, -21, -31, -30, -30, -3804, -572, -680, -96, -129, -139, 
Pred table: 568, 5780, 16914, 57450, 100000000000, 1000000000000, -360, 1897, 9934, 33104, 10000000000, -1000000000000, 

Iteration: 425000: eval_loss 0.716098, pred_loss 2.17899, negamax_iters 217, W/D/L 100/0/191, EVAL_LR 0.03, PRED_LR 0, pos/neg evals 301/289
Eval table: -16, 737, 2707, 7081, 53937, 1000000000000, 7240, -191, -1349, -7526, -655695, -1000000000000, -119, -91, -28, -32, -2221, -5712, -183, -148, -62, -16, -22, -33, -32, -32, -4166, -598, -720, -102, -137, -148, 
Pred table: 568, 5780, 16914, 57450, 100000000000, 1000000000000, -360, 1897, 9934, 33104, 10000000000, -1000000000000, 

Terminate batch job (Y/N)? 
