Compiling fit_predict_table.cpp...
Running fit_predict_table.exe...

RMSE: 0.669695
Predict table: 500, 8000, 15000, 25000, 20000000, 1000000000000, 0, 1500, 8000, 20000, 20000000, -1000000000000, 

RMSE: 7.24666e+09
Predict table: 509, 7741, 14785, 25058, 20066368, 1000000000000, -12, 1489, 7820, 19786, 19765016, -1000000000000, 

RMSE: 7.39022e+09
Predict table: 511, 7728, 14625, 25145, 20049887, 1000000000000, -46, 1490, 7752, 19648, 19691523, -1000000000000, 

RMSE: 7.72791e+09
Predict table: 522, 7751, 14542, 25239, 20029035, 1000000000000, -83, 1496, 7698, 19540, 19724003, -1000000000000, 

RMSE: 7.62805e+09
Predict table: 529, 7800, 14448, 25319, 20008211, 1000000000000, -120, 1495, 7705, 19445, 19729962, -1000000000000, 

RMSE: 7.82285e+09
Predict table: 525, 7823, 14452, 25405, 19987193, 1000000000000, -157, 1496, 7693, 19346, 19714098, -1000000000000, 

RMSE: 7.92733e+09
Predict table: 521, 7815, 14429, 25477, 19965707, 1000000000000, -193, 1496, 7700, 19236, 19733211, -1000000000000, 

RMSE: 8.06174e+09
Predict table: 522, 7804, 14437, 25551, 19944272, 1000000000000, -229, 1496, 7716, 19154, 19729326, -1000000000000, 

RMSE: 8.01006e+09
Predict table: 523, 7794, 14398, 25622, 19922776, 1000000000000, -264, 1498, 7675, 19057, 19721249, -1000000000000, 

RMSE: 7.90938e+09
Predict table: 531, 7776, 14371, 25693, 19901454, 1000000000000, -299, 1498, 7658, 18967, 19736066, -1000000000000, 

RMSE: 7.91357e+09
Predict table: 533, 7832, 14424, 25772, 19880183, 1000000000000, -339, 1503, 7681, 18933, 19716272, -1000000000000, 

RMSE: 8.01879e+09
Predict table: 529, 7783, 14397, 25834, 19858609, 1000000000000, -373, 1497, 7666, 18884, 19733372, -1000000000000, 

RMSE: 8.29293e+09
Predict table: 535, 7757, 14378, 25902, 19836237, 1000000000000, -408, 1496, 7626, 18849, 19762708, -1000000000000, 

RMSE: 8.08999e+09
Predict table: 538, 7784, 14325, 25967, 19820550, 1000000000000, -444, 1493, 7644, 18833, 19753525, -1000000000000, 

RMSE: 8.24832e+09
Predict table: 530, 7800, 14345, 26034, 19804569, 1000000000000, -480, 1492, 7627, 18783, 19731355, -1000000000000, 

RMSE: 8.35538e+09
Predict table: 524, 7799, 14330, 26090, 19811092, 1000000000000, -514, 1492, 7638, 18721, 19754139, -1000000000000, 

RMSE: 8.43657e+09
Predict table: 522, 7790, 14355, 26144, 19818886, 1000000000000, -549, 1489, 7654, 18692, 19742804, -1000000000000, 

RMSE: 8.43046e+09
Predict table: 521, 7782, 14317, 26195, 19807905, 1000000000000, -581, 1490, 7604, 18636, 19734606, -1000000000000, 

RMSE: 8.3369e+09
Predict table: 528, 7759, 14294, 26246, 19795226, 1000000000000, -614, 1487, 7587, 18584, 19739631, -1000000000000, 

RMSE: 8.23819e+09
Predict table: 532, 7811, 14339, 26307, 19800352, 1000000000000, -652, 1490, 7604, 18582, 19719970, -1000000000000, 

RMSE: 8.25056e+09
Predict table: 530, 7767, 14312, 26353, 19779233, 1000000000000, -684, 1483, 7585, 18566, 19731091, -1000000000000, 

RMSE: 8.46197e+09
Predict table: 536, 7749, 14294, 26401, 19819494, 1000000000000, -717, 1481, 7543, 18551, 19761758, -1000000000000, 

RMSE: 8.3414e+09
Predict table: 539, 7776, 14251, 26443, 19821888, 1000000000000, -751, 1478, 7576, 18543, 19742810, -1000000000000, 

RMSE: 8.4274e+09
Predict table: 529, 7793, 14281, 26492, 19807593, 1000000000000, -785, 1478, 7572, 18511, 19722803, -1000000000000, 

